MotifId	Nodes	Edges	Count
904	4	0	643278
4374	4	0	82265815
990	4	0	177465
5064	4	0	54179
4420	4	0	64045871
972	4	0	92820
922	4	0	341254
3038	4	0	39780
858	4	0	1743701
4950	4	0	3628318
468	4	0	5392392
14812	4	0	11661
4574	4	0	101174
7126	4	0	9567
14790	4	0	354
2190	4	0	1661497
6552	4	0	934175
2270	4	0	147626
7134	4	0	22726
15326	4	0	21105
28	4	0	415092899
4678	4	0	1581627
4370	4	0	669931655
90	4	0	23834793
4958	4	0	517105
2252	4	0	2440996
13260	4	0	1894
13278	4	0	24892
6616	4	0	93905
13146	4	0	54666
2506	4	0	13104
13142	4	0	235651
6558	4	0	107007
4558	4	0	11366
6862	4	0	4262
14798	4	0	4625
6550	4	0	15256
4556	4	0	95920
4812	4	0	40664
15258	4	0	28198
862	4	0	1835447
286	4	0	41809656
76	4	0	439824168
78	4	0	35814814
92	4	0	16777884
94	4	0	17196100
282	4	0	286469701
346	4	0	2301956
348	4	0	7643122
350	4	0	5153958
394	4	0	10215835
406	4	0	13286172
410	4	0	13311584
412	4	0	5007996
414	4	0	2876565
460	4	0	925790
462	4	0	136415
478	4	0	538995
2184	4	0	2541870558
332	4	0	67671391
334	4	0	4589092
404	4	0	52265902
470	4	0	2989260
344	4	0	7131674
408	4	0	33445669
472	4	0	941303
474	4	0	421401
476	4	0	655396
926	4	0	276154
396	4	0	75934296
906	4	0	391620
910	4	0	241734
2186	4	0	79262942
2204	4	0	1383002
2206	4	0	895946
2254	4	0	439220
6356	4	0	7686
2458	4	0	1210164
2526	4	0	153468
2510	4	0	83809
4698	4	0	2241546
2524	4	0	178904
328	4	0	59577813
330	4	0	1427200
4438	4	0	9855285
4444	4	0	3610311
4446	4	0	1431446
4430	4	0	869616
4550	4	0	20744
4422	4	0	3506352
4424	4	0	28798668
4700	4	0	410346
4702	4	0	572547
4954	4	0	787514
5014	4	0	91821
5018	4	0	312273
5022	4	0	91370
5086	4	0	102264
4998	4	0	29449
4382	4	0	5047521
6554	4	0	678898
7128	4	0	26373
15310	4	0	4689
6622	4	0	40298
4548	4	0	365836
5070	4	0	13499
6606	4	0	9289
206	4	0	1433183
6854	4	0	1404
398	4	0	3466909
4428	4	0	22908723
4764	4	0	26919
4766	4	0	70283
4682	4	0	8603755
4434	4	0	9863634
4436	4	0	34257043
4564	4	0	646226
4566	4	0	232127
4442	4	0	1067317
5078	4	0	141153
5082	4	0	116200
5084	4	0	42797
392	4	0	276441058
4426	4	0	469224
2462	4	0	247066
390	4	0	18003634
4742	4	0	34584
6874	4	0	44924
4814	4	0	31258
6614	4	0	9232
6618	4	0	29278
6620	4	0	103324
6358	4	0	5521
222	4	0	875426
13150	4	0	118355
2202	4	0	13813580
6598	4	0	2293
5066	4	0	15252
6342	4	0	2800
5012	4	0	66811
30	4	0	194163190
6878	4	0	9894
4686	4	0	547467
74	4	0	114571397
4946	4	0	6896910
5058	4	0	22267
5010	4	0	472319
5074	4	0	231212
5004	4	0	67519
4440	4	0	4564990
6348	4	0	165548
6350	4	0	13497
6366	4	0	26916
4748	4	0	115120
4750	4	0	51290
5076	4	0	94256
4418	4	0	2554220
4994	4	0	90861
4830	4	0	32408
6364	4	0	51188
4740	4	0	35146
5062	4	0	16057
5016	4	0	272007
5080	4	0	150080
5068	4	0	35584
7130	4	0	36105
4692	4	0	2107006
6604	4	0	122636
5006	4	0	32053
31710	4	0	50774
204	4	0	3368064
14814	4	0	17925
454	4	0	1273856
6602	4	0	6786
6858	4	0	45970
4694	4	0	2429145
13148	4	0	18274
5020	4	0	40141
14678	4	0	4943
4562	4	0	204076
15262	4	0	22929
458	4	0	91296
908	4	0	369433
456	4	0	1254085
5002	4	0	71057
6876	4	0	8769
14810	4	0	11150
4952	4	0	839940
14686	4	0	2274
13262	4	0	7006
856	4	0	1358945
6870	4	0	3914
280	4	0	842670699
974	4	0	99691
4546	4	0	12436
924	4	0	77128
4758	4	0	26619
14	4	0	509880364
4572	4	0	173914