MotifId	Nodes	Edges	Count
904	4	0	3032346
4374	4	0	210319837
990	4	0	715677
5064	4	0	86165
4420	4	0	251016464
972	4	0	223216
922	4	0	1570296
3038	4	0	141854
858	4	0	4615399
4950	4	0	8899294
468	4	0	42074099
14812	4	0	41628
4574	4	0	371501
7126	4	0	29184
14790	4	0	518
2190	4	0	19053695
6552	4	0	8935962
2270	4	0	918673
7134	4	0	67987
15326	4	0	53117
28	4	0	2714432166
4678	4	0	5011887
4370	4	0	2075997703
90	4	0	81441570
4958	4	0	1098453
2252	4	0	21406847
13260	4	0	1773
13278	4	0	58192
6616	4	0	860046
13146	4	0	151164
2506	4	0	40313
13142	4	0	957320
6558	4	0	408079
4558	4	0	33049
6862	4	0	13985
14798	4	0	10949
6550	4	0	42588
4556	4	0	289193
4812	4	0	65445
15258	4	0	186419
862	4	0	6215421
286	4	0	163340319
76	4	0	2682159039
78	4	0	386523692
92	4	0	112018886
94	4	0	131410101
282	4	0	983381957
346	4	0	5893908
348	4	0	40315577
350	4	0	24586938
394	4	0	42828765
406	4	0	32595543
410	4	0	44711241
412	4	0	19417396
414	4	0	10440875
460	4	0	3957610
462	4	0	636232
478	4	0	2901772
2184	4	0	30874908460
332	4	0	250689667
334	4	0	29751044
404	4	0	179983346
470	4	0	15406048
344	4	0	35881355
408	4	0	161918812
472	4	0	6870299
474	4	0	1601119
476	4	0	4090814
926	4	0	1023867
396	4	0	244436211
906	4	0	2197699
910	4	0	1232233
2186	4	0	748199308
2204	4	0	8780061
2206	4	0	5398118
2254	4	0	3496898
6356	4	0	64348
2458	4	0	5797981
2526	4	0	632818
2510	4	0	337894
4698	4	0	3942003
2524	4	0	1005543
328	4	0	166847529
330	4	0	2816879
4438	4	0	28792179
4444	4	0	13931263
4446	4	0	4012447
4430	4	0	2559297
4550	4	0	36233
4422	4	0	10941404
4424	4	0	66150843
4700	4	0	695859
4702	4	0	1344210
4954	4	0	1649010
5014	4	0	202310
5018	4	0	1158896
5022	4	0	225538
5086	4	0	253774
4998	4	0	56111
4382	4	0	13122715
6554	4	0	3662474
7128	4	0	155787
15310	4	0	13131
6622	4	0	161816
4548	4	0	1135891
5070	4	0	26326
6606	4	0	32409
206	4	0	12559199
6854	4	0	2867
398	4	0	15781693
4428	4	0	61294426
4764	4	0	48709
4766	4	0	170415
4682	4	0	14627502
4434	4	0	32333795
4436	4	0	184168197
4564	4	0	5050581
4566	4	0	864991
4442	4	0	2403994
5078	4	0	357965
5082	4	0	345712
5084	4	0	136444
392	4	0	1258904749
4426	4	0	828922
2462	4	0	978894
390	4	0	38521062
4742	4	0	72340
6874	4	0	128337
4814	4	0	82710
6614	4	0	35208
6618	4	0	141065
6620	4	0	700694
6358	4	0	19988
222	4	0	8386660
13150	4	0	310960
2202	4	0	74167042
6598	4	0	4737
5066	4	0	24012
6342	4	0	7450
5012	4	0	184784
30	4	0	1638634756
6878	4	0	30118
4686	4	0	1710791
74	4	0	531352577
4946	4	0	22553985
5058	4	0	43972
5010	4	0	2330856
5074	4	0	976938
5004	4	0	116875
4440	4	0	18839985
6348	4	0	942594
6350	4	0	78018
6366	4	0	148055
4748	4	0	207864
4750	4	0	207186
5076	4	0	446397
4418	4	0	6862938
4994	4	0	424921
4830	4	0	91844
6364	4	0	417549
4740	4	0	63506
5062	4	0	25547
5016	4	0	1347274
5080	4	0	609169
5068	4	0	52057
7130	4	0	153676
4692	4	0	5452849
6604	4	0	508461
5006	4	0	94979
31710	4	0	9674
204	4	0	27512407
14814	4	0	45553
454	4	0	2799533
6602	4	0	18780
6858	4	0	100062
4694	4	0	6490739
13148	4	0	35230
5020	4	0	97182
14678	4	0	11090
4562	4	0	1163491
15262	4	0	86056
458	4	0	195194
908	4	0	880355
456	4	0	4863037
5002	4	0	273806
6876	4	0	27460
14810	4	0	31709
4952	4	0	1873759
14686	4	0	4537
13262	4	0	13645
856	4	0	3929882
6870	4	0	8840
280	4	0	3000164907
974	4	0	378939
4546	4	0	24994
924	4	0	195645
4758	4	0	47214
14	4	0	9743832197
4572	4	0	1029333