MotifId	Nodes	Edges	Count
904	4	0	0
4374	4	0	5
990	4	0	5
5064	4	0	1
4420	4	0	19
972	4	0	0
922	4	0	1
3038	4	0	2
858	4	0	7
4950	4	0	6
468	4	0	8
14812	4	0	0
4574	4	0	0
7126	4	0	0
14790	4	0	0
2190	4	0	0
6552	4	0	1
2270	4	0	0
7134	4	0	1
15326	4	0	5
28	4	0	16
4678	4	0	1
4370	4	0	46
90	4	0	15
4958	4	0	8
2252	4	0	0
13260	4	0	0
13278	4	0	2
6616	4	0	0
13146	4	0	1
2506	4	0	0
13142	4	0	4
6558	4	0	0
4558	4	0	0
6862	4	0	0
14798	4	0	0
6550	4	0	0
4556	4	0	0
4812	4	0	0
15258	4	0	2
862	4	0	20
286	4	0	7
76	4	0	85
78	4	0	7
92	4	0	6
94	4	0	21
282	4	0	39
346	4	0	1
348	4	0	12
350	4	0	7
394	4	0	0
406	4	0	27
410	4	0	7
412	4	0	3
414	4	0	6
460	4	0	2
462	4	0	1
478	4	0	2
2184	4	0	66
332	4	0	30
334	4	0	8
404	4	0	64
470	4	0	13
344	4	0	4
408	4	0	0
472	4	0	0
474	4	0	3
476	4	0	0
926	4	0	2
396	4	0	103
906	4	0	0
910	4	0	0
2186	4	0	20
2204	4	0	0
2206	4	0	0
2254	4	0	0
6356	4	0	0
2458	4	0	1
2526	4	0	2
2510	4	0	1
4698	4	0	20
2524	4	0	0
328	4	0	17
330	4	0	0
4438	4	0	15
4444	4	0	3
4446	4	0	5
4430	4	0	2
4550	4	0	0
4422	4	0	3
4424	4	0	24
4700	4	0	6
4702	4	0	8
4954	4	0	4
5014	4	0	0
5018	4	0	0
5022	4	0	1
5086	4	0	1
4998	4	0	0
4382	4	0	4
6554	4	0	6
7128	4	0	0
15310	4	0	0
6622	4	0	0
4548	4	0	0
5070	4	0	0
6606	4	0	0
206	4	0	1
6854	4	0	0
398	4	0	4
4428	4	0	20
4764	4	0	0
4766	4	0	0
4682	4	0	63
4434	4	0	3
4436	4	0	15
4564	4	0	1
4566	4	0	1
4442	4	0	1
5078	4	0	6
5082	4	0	2
5084	4	0	1
392	4	0	44
4426	4	0	0
2462	4	0	1
390	4	0	50
4742	4	0	0
6874	4	0	0
4814	4	0	1
6614	4	0	0
6618	4	0	0
6620	4	0	0
6358	4	0	0
222	4	0	0
13150	4	0	3
2202	4	0	32
6598	4	0	0
5066	4	0	0
6342	4	0	0
5012	4	0	0
30	4	0	33
6878	4	0	0
4686	4	0	1
74	4	0	39
4946	4	0	23
5058	4	0	0
5010	4	0	0
5074	4	0	1
5004	4	0	0
4440	4	0	3
6348	4	0	0
6350	4	0	0
6366	4	0	0
4748	4	0	0
4750	4	0	2
5076	4	0	1
4418	4	0	0
4994	4	0	0
4830	4	0	1
6364	4	0	0
4740	4	0	0
5062	4	0	0
5016	4	0	0
5080	4	0	1
5068	4	0	1
7130	4	0	1
4692	4	0	16
6604	4	0	1
5006	4	0	2
31710	4	0	2
204	4	0	0
14814	4	0	1
454	4	0	6
6602	4	0	0
6858	4	0	0
4694	4	0	11
13148	4	0	0
5020	4	0	2
14678	4	0	0
4562	4	0	0
15262	4	0	0
458	4	0	0
908	4	0	1
456	4	0	0
5002	4	0	0
6876	4	0	0
14810	4	0	1
4952	4	0	9
14686	4	0	0
13262	4	0	0
856	4	0	9
6870	4	0	0
280	4	0	66
974	4	0	0
4546	4	0	0
924	4	0	0
4758	4	0	1
14	4	0	19
4572	4	0	2