# Article : Jesus_de_Nazareth
# FROM 2003-07-06-16-30-22 TO 2006-02-25-22-36-47
82 111
0 1
0 2
2 0
2 3
2 4
4 20
4 21
4 13
4 22
4 2
4 3
4 23
4 24
4 25
4 26
4 27
4 28
4 29
4 30
4 31
4 32
4 33
4 34
5 0
6 0
7 8
8 0
8 9
8 6
9 14
9 0
9 15
10 8
10 7
10 11
10 12
11 9
11 0
11 13
13 16
13 0
13 9
13 11
17 18
17 19
22 46
22 29
22 47
22 48
22 49
22 50
22 51
22 24
24 4
33 31
34 31
35 36
35 37
35 38
35 39
35 30
35 40
35 41
35 42
35 43
35 4
35 44
35 45
39 38
40 43
42 41
42 35
43 35
45 77
52 53
52 54
55 54
55 56
57 58
57 59
60 29
61 60
62 63
62 64
65 31
66 11
67 59
68 69
68 4
68 31
68 33
68 32
68 65
70 40
71 32
72 32
73 72
74 32
75 76
75 4
76 35
76 31
76 33
76 32
76 65
76 77
78 4
78 68
79 4
80 77
81 45
