# Article : Femme
# FROM 2010-01-15-17-26-14 TO 2013-04-17-10-00-59
204 291
0 1
2 3
4 5
5 65
6 7
6 8
6 9
6 10
6 11
6 12
6 13
6 14
6 15
6 16
6 17
6 18
6 19
6 20
6 21
6 22
6 23
6 24
6 25
6 26
6 27
6 28
6 29
6 30
6 31
6 32
6 33
6 34
7 65
7 68
9 65
10 64
10 69
11 37
11 67
11 65
11 68
11 64
11 69
11 70
11 71
11 72
11 73
11 74
11 1
11 75
11 76
11 77
11 78
11 79
11 80
11 81
13 37
13 92
13 67
13 65
13 64
13 93
20 35
21 35
21 114
21 115
21 17
21 68
21 64
21 69
21 70
21 71
21 72
21 73
21 74
21 116
21 1
21 117
21 54
21 75
21 76
21 118
21 77
21 78
21 79
21 119
25 35
26 6
26 35
26 92
26 67
26 37
26 65
26 114
26 115
26 17
26 68
26 64
26 69
26 70
26 71
26 72
26 73
26 74
26 116
26 1
26 117
26 54
26 75
26 76
26 118
26 77
26 78
26 79
26 119
26 87
26 137
26 138
26 4
26 139
26 140
26 141
26 142
26 143
26 144
26 0
26 145
26 129
26 127
26 109
26 146
26 147
26 148
26 149
26 90
26 150
26 151
26 152
26 153
26 154
26 80
26 93
26 155
26 156
26 157
26 158
26 159
26 2
26 66
26 160
26 161
26 162
26 163
26 164
26 165
26 166
26 167
26 168
26 169
26 170
26 171
26 86
26 172
26 173
26 174
26 175
26 176
26 177
26 178
26 179
26 180
26 181
26 182
26 183
26 184
26 185
26 186
26 187
26 188
26 189
27 190
35 36
35 37
38 11
38 39
38 40
38 41
38 42
38 43
38 44
38 45
38 30
38 46
38 47
38 48
38 32
40 65
49 11
49 50
49 51
49 52
49 53
49 54
49 55
49 56
49 57
49 30
49 58
49 59
49 60
61 39
62 63
64 65
64 66
65 64
80 86
80 87
80 88
80 37
80 89
80 90
80 91
80 85
82 64
83 64
83 84
83 85
94 95
94 96
94 97
94 98
94 99
100 40
100 101
100 102
100 20
101 87
103 65
104 101
105 63
106 107
106 108
106 109
110 111
110 112
113 20
113 21
117 25
120 35
121 20
121 120
121 21
121 24
121 122
122 35
123 124
123 111
123 102
125 22
125 126
125 32
127 128
127 97
127 129
130 35
131 97
131 130
131 132
131 35
132 190
133 97
134 97
134 135
134 136
191 153
191 80
191 93
191 109
191 155
192 191
193 30
194 35
195 194
196 194
196 197
196 198
196 199
198 68
200 201
202 201
202 203
