# Article : Homere
# FROM 2009-02-01-15-40-02 TO 2017-12-11-13-47-57
112 188
0 1
0 2
0 3
0 4
0 5
0 6
0 7
0 8
4 3
8 0
8 90
8 91
9 10
9 11
9 12
9 13
9 14
9 15
9 16
9 17
9 18
9 19
9 20
15 85
15 86
15 18
15 19
18 0
18 9
18 108
18 109
18 99
18 59
21 22
23 24
23 25
23 26
23 27
23 28
23 29
23 12
23 30
23 31
23 32
23 33
23 34
23 35
23 36
23 37
23 38
23 39
23 7
23 40
23 41
23 42
23 43
23 44
23 45
23 46
25 0
27 50
27 53
28 0
28 56
28 50
28 53
28 57
28 58
28 59
33 0
33 53
33 50
33 73
33 9
34 50
34 0
34 53
37 0
37 50
37 53
37 73
37 9
38 0
38 50
38 53
38 73
38 9
39 0
39 50
39 53
39 73
39 9
39 74
39 6
42 0
42 50
42 53
42 73
42 9
42 74
42 6
43 0
44 0
45 63
45 64
45 9
45 65
45 0
45 62
45 92
45 43
45 50
45 53
45 73
45 74
45 6
45 90
45 91
45 93
45 94
45 58
45 59
45 95
45 96
45 97
45 98
45 99
47 43
48 25
48 33
49 50
51 49
52 27
54 27
55 50
60 28
60 37
60 22
61 62
61 63
61 64
61 9
61 65
61 0
66 2
66 67
66 68
67 50
69 0
70 69
71 31
71 72
75 39
76 77
76 78
78 43
79 0
79 50
79 53
79 73
79 9
80 0
80 6
80 50
80 53
80 73
80 9
80 74
81 82
83 0
83 50
83 53
83 73
83 9
83 74
83 6
84 82
87 88
87 89
100 45
100 101
102 103
102 104
102 105
106 11
107 105
110 18
111 19
