# Article : Sagrada_Familia
# FROM 2010-10-06-05-17-40 TO 2015-05-06-12-26-33
125 129
0 1
0 2
0 3
0 4
0 5
0 6
0 7
0 8
0 9
0 10
7 19
9 19
9 70
11 12
11 13
11 14
11 15
11 16
11 17
11 18
19 20
19 21
19 22
19 23
19 24
19 2
19 25
19 26
19 27
19 28
19 29
19 16
19 30
19 31
19 32
19 33
19 34
19 35
19 36
19 37
19 38
19 39
19 40
22 19
41 19
42 43
44 45
44 14
46 2
46 47
48 3
49 50
49 51
52 19
53 52
54 4
54 55
54 56
54 57
58 59
58 60
58 61
58 62
63 64
63 65
66 7
67 68
67 69
71 9
72 73
74 75
75 19
75 76
75 77
75 42
75 70
75 78
75 79
75 80
75 81
75 20
75 54
75 82
75 12
75 83
75 84
75 85
75 72
75 86
75 87
75 88
75 89
75 90
75 22
75 91
75 92
75 93
75 94
75 95
75 96
75 97
75 98
75 99
75 100
75 101
75 102
75 103
75 104
75 105
75 106
75 28
75 107
75 108
75 109
75 110
75 111
75 112
75 113
75 114
75 115
75 116
75 117
75 118
75 119
75 120
121 19
122 123
123 19
124 123
