# Article : Inedie
# FROM 2008-01-18-08-47-15 TO 2018-12-22-22-17-07
58 105
0 1
1 2
1 3
1 4
1 5
1 6
1 7
1 8
1 9
1 10
1 11
1 12
1 13
1 14
1 15
1 16
1 17
1 18
1 0
1 19
1 20
1 21
5 30
5 7
6 22
6 23
6 11
6 24
6 25
6 26
6 27
6 28
8 9
9 11
11 30
11 12
11 6
11 7
11 31
11 32
11 33
11 34
11 35
11 36
11 37
11 38
17 20
17 1
17 8
17 12
17 21
17 4
17 11
17 2
17 10
17 18
17 3
17 0
17 9
17 19
17 5
20 9
20 11
20 2
20 19
20 1
21 1
23 46
23 22
24 22
24 6
24 28
29 30
31 9
31 1
31 11
32 31
33 31
33 11
34 31
36 11
36 42
36 33
38 37
39 8
40 1
41 32
43 11
43 44
43 15
45 46
47 28
48 28
49 50
51 50
51 52
51 53
51 23
54 55
54 24
54 52
54 56
54 57
55 24
55 52
