# Article : Islam
# FROM 2005-08-12-04-18-02 TO 2005-12-25-18-14-37
255 804
0 1
1 4
1 103
2 3
2 4
2 5
2 6
4 16
4 49
4 50
4 51
4 27
4 52
4 23
4 22
4 53
4 54
4 26
4 55
4 56
4 57
6 4
7 8
7 9
8 10
10 11
10 12
10 13
10 14
10 15
10 16
16 80
16 81
16 31
16 82
16 4
16 83
16 84
16 52
16 85
16 23
16 86
16 87
16 88
16 28
17 18
19 4
20 21
20 4
20 22
20 23
22 23
24 25
24 12
24 26
24 27
24 10
24 28
24 29
24 14
24 30
24 31
24 32
24 33
24 34
24 35
24 36
24 37
26 21
26 4
27 4
28 75
28 126
28 12
28 127
28 31
28 10
28 128
28 129
28 130
28 131
28 4
28 42
28 24
28 55
28 132
28 133
28 110
28 61
28 16
28 134
28 14
28 0
28 135
28 136
28 137
28 138
28 139
28 108
28 140
28 141
28 142
28 143
28 144
28 145
28 146
28 147
31 10
38 39
38 40
38 41
38 42
38 24
38 28
38 43
38 44
38 45
39 14
40 14
40 4
40 22
40 26
40 148
40 149
40 7
40 150
41 4
41 22
41 103
42 24
42 12
42 155
42 34
46 47
46 48
47 108
47 59
47 60
47 61
47 16
47 134
47 14
47 0
47 135
47 136
47 137
47 138
47 4
47 139
48 108
55 24
55 12
55 155
58 59
58 60
58 61
58 62
60 68
60 59
60 69
60 70
60 71
60 48
60 72
60 73
62 28
63 52
64 65
64 66
64 67
66 4
67 4
67 22
74 75
76 77
78 77
78 79
79 78
85 4
85 52
85 26
85 55
86 104
87 83
87 16
89 77
89 79
90 4
91 50
92 68
92 93
92 94
92 26
92 95
92 96
92 97
98 4
99 98
100 4
100 22
101 100
102 23
105 4
105 19
105 16
105 52
105 21
105 106
105 103
105 86
105 107
105 108
109 105
110 107
111 16
112 111
112 69
113 108
114 115
114 116
114 60
117 113
117 31
117 16
118 117
118 31
118 113
118 93
119 4
119 120
119 121
119 53
119 2
122 119
123 124
123 125
125 7
130 16
130 158
130 60
130 4
130 28
131 10
131 19
131 4
131 16
131 52
131 12
145 73
145 60
145 247
147 239
151 12
151 4
152 10
152 24
152 120
152 13
152 153
152 119
152 4
152 150
154 10
154 14
154 28
154 25
154 29
154 12
154 30
154 31
154 32
154 33
154 34
154 155
154 156
154 35
154 36
154 37
154 4
154 116
154 157
154 19
154 16
154 52
154 24
154 120
154 13
154 153
154 119
154 23
154 22
154 26
154 102
154 148
154 149
154 158
154 159
154 160
154 161
154 162
154 106
154 163
154 164
154 165
154 166
154 103
154 21
154 167
154 168
154 7
154 169
154 60
154 170
154 150
154 171
154 172
154 17
154 173
154 174
154 83
154 115
154 84
154 175
154 9
154 176
154 177
154 178
154 179
154 180
154 181
154 85
154 182
154 49
154 183
154 184
154 185
154 186
154 187
154 188
154 90
154 189
154 190
154 191
154 192
154 193
154 194
154 135
154 195
154 196
154 197
154 198
154 199
154 76
154 200
154 201
154 202
154 203
154 204
154 78
154 205
154 206
154 207
154 208
154 209
154 110
154 125
154 59
154 94
154 61
154 134
154 0
154 136
154 137
154 138
154 139
154 108
154 140
154 141
154 142
210 154
211 10
211 14
211 28
211 25
211 29
211 12
211 30
211 31
211 32
211 33
211 34
211 155
211 156
211 35
211 36
211 37
211 4
211 116
211 157
211 19
211 16
211 52
211 24
211 120
211 13
211 153
211 119
211 23
211 22
211 26
211 102
211 148
211 149
211 158
211 159
211 160
211 161
211 162
211 106
211 163
211 164
211 165
211 166
211 103
211 21
211 167
211 168
211 7
211 169
211 60
211 170
211 150
211 171
211 172
211 17
211 173
211 174
211 83
211 115
211 84
211 175
211 9
211 176
211 177
211 178
211 179
211 180
211 181
211 85
211 182
211 49
211 183
211 184
211 185
211 186
211 187
211 188
211 90
211 189
211 190
211 191
211 192
211 193
211 194
211 135
211 195
211 196
211 197
211 198
211 199
211 76
211 200
211 201
211 202
211 203
211 204
211 78
211 205
211 206
211 207
211 208
211 209
211 110
211 125
211 59
211 94
211 61
211 134
211 0
211 136
211 137
211 138
211 139
211 108
211 140
211 141
211 142
212 10
212 14
212 28
212 25
212 29
212 12
212 30
212 31
212 32
212 33
212 34
212 155
212 156
212 35
212 36
212 37
212 4
212 116
212 157
212 19
212 16
212 52
212 24
212 120
212 13
212 153
212 119
212 23
212 22
212 26
212 102
212 148
212 149
212 158
212 159
212 160
212 161
212 162
212 106
212 163
212 164
212 165
212 166
212 103
212 21
212 167
212 168
212 7
212 169
212 60
212 170
212 150
212 171
212 172
212 17
212 173
212 174
212 83
212 115
212 84
212 175
212 9
212 176
212 177
212 178
212 179
212 180
212 181
212 85
212 182
212 49
212 183
212 184
212 185
212 186
212 187
212 188
212 90
212 189
212 190
212 191
212 192
212 193
212 194
212 135
212 195
212 196
212 197
212 198
212 199
212 76
212 200
212 201
212 202
212 203
212 204
212 78
212 205
212 206
212 207
212 208
212 209
212 110
212 125
212 59
212 94
212 61
212 134
212 0
212 136
212 137
212 138
212 139
212 108
212 140
212 141
212 142
213 169
214 4
215 214
216 4
216 22
216 103
217 41
217 216
217 151
217 218
217 219
217 220
217 221
218 4
218 22
218 103
219 24
219 4
219 22
219 103
220 4
220 103
221 24
221 4
221 103
222 4
223 222
224 4
224 24
225 226
225 67
225 227
227 4
228 229
230 231
232 24
232 16
232 4
232 119
232 23
232 233
232 10
232 14
232 28
232 12
232 155
232 234
232 156
232 25
232 131
232 116
232 157
232 120
232 13
232 153
232 22
232 26
232 102
232 148
232 149
232 158
232 159
232 160
232 161
232 162
232 106
232 163
232 164
232 165
232 166
232 103
232 21
232 167
232 168
232 7
232 31
232 213
232 235
232 60
232 170
232 150
232 171
232 172
232 17
232 173
232 174
232 83
232 115
232 84
232 236
232 175
232 9
232 176
232 229
232 177
232 178
232 179
232 237
232 228
232 180
232 181
232 182
232 49
232 183
232 184
232 185
232 186
232 187
232 35
232 188
232 90
232 189
232 190
232 191
232 128
232 192
232 193
232 194
232 135
232 195
232 196
232 197
232 198
232 199
232 76
232 85
232 200
232 201
232 202
232 203
232 204
232 78
232 205
232 206
232 207
232 208
232 209
238 232
239 26
239 60
239 21
239 4
240 241
240 231
240 242
240 243
243 60
243 170
243 159
243 150
243 171
243 239
243 172
243 17
243 173
243 174
243 83
243 16
243 158
243 234
243 4
243 115
243 84
243 236
243 116
243 24
243 175
244 190
245 45
246 168
246 235
247 246
248 56
249 24
249 28
250 249
251 4
252 251
253 178
253 228
253 179
253 229
253 56
254 155
254 28
254 250
254 24
254 234
254 12
254 157
