# Article : Attentats_des_17_et_18_aout_2017_en_Catalogne
# FROM 2017-08-17-16-20-48 TO 2017-08-25-14-24-37
51 137
0 1
1 4
1 0
1 5
1 6
1 7
1 8
2 0
3 0
3 1
4 3
4 9
6 8
6 4
6 3
6 24
7 9
7 39
7 38
7 4
7 0
7 41
7 1
7 15
7 42
7 8
8 3
8 1
8 16
8 34
8 30
8 17
8 23
8 6
8 7
8 35
8 36
8 22
8 25
8 37
9 3
9 4
9 10
11 3
12 0
12 13
12 14
12 15
15 12
15 0
15 1
15 20
15 11
15 21
15 22
15 7
15 17
16 5
16 1
16 17
16 18
16 19
17 23
17 12
18 23
18 12
18 17
18 31
19 1
21 17
21 11
21 1
21 6
22 17
22 8
22 16
22 3
22 23
22 7
23 3
23 1
24 9
24 3
25 23
25 7
26 12
26 15
26 0
26 1
26 25
26 3
26 23
26 27
26 5
26 16
26 28
29 26
30 23
32 23
33 34
34 30
35 8
35 7
35 1
35 23
35 5
35 28
35 22
35 17
35 41
35 25
35 18
36 7
36 1
36 15
36 8
37 30
37 40
38 4
38 39
41 37
41 1
41 22
41 15
43 23
43 25
44 8
44 1
44 22
44 30
45 24
46 7
46 47
47 8
48 7
49 8
50 47
