# Article : Islam
# FROM 2004-09-02-21-27-11 TO 2005-08-12-04-16-20
174 744
0 1
0 2
0 3
0 4
3 32
3 66
5 6
5 7
5 8
5 9
5 10
5 11
5 12
5 13
6 35
6 95
6 96
6 44
6 97
6 39
6 42
6 43
6 98
6 99
6 40
6 100
6 101
6 26
6 92
6 93
6 45
6 102
6 103
6 59
6 104
6 30
6 105
6 106
6 149
6 19
6 145
6 24
6 36
6 60
6 29
6 144
6 55
6 107
6 108
6 58
6 52
6 90
6 109
6 2
6 110
6 49
6 66
6 111
6 38
6 112
6 150
6 113
6 114
6 115
6 76
6 71
6 137
6 116
6 117
6 118
6 119
6 120
6 33
6 151
6 34
6 67
6 14
6 121
6 123
6 124
6 125
6 147
6 142
6 141
6 126
6 128
6 0
6 130
6 15
6 72
6 74
6 3
6 32
6 27
9 164
9 8
12 171
14 15
16 17
16 18
19 20
19 21
19 22
19 23
19 24
19 25
19 26
19 27
19 5
19 28
19 29
19 30
19 31
22 36
23 36
26 45
26 49
30 60
32 33
34 33
35 36
35 37
35 38
35 39
35 40
35 41
35 42
35 43
35 44
35 45
35 46
35 47
35 48
35 49
35 50
35 51
35 25
36 52
36 39
40 46
41 59
44 53
52 36
52 89
53 35
54 55
54 39
56 1
56 57
58 39
59 39
59 58
61 62
63 62
63 64
63 65
64 93
64 68
64 94
65 35
65 95
65 96
65 44
65 97
65 39
65 42
65 43
65 98
65 99
65 40
65 100
65 101
65 92
65 93
65 45
65 46
65 102
65 103
65 59
65 104
65 30
65 105
65 106
65 36
65 60
65 55
65 107
65 108
65 58
65 52
65 90
65 19
65 109
65 2
65 110
65 111
65 38
65 112
65 113
65 114
65 115
65 116
65 117
65 118
65 119
65 120
65 68
65 33
65 34
65 67
65 14
65 121
65 122
65 123
65 124
65 125
65 126
65 127
65 128
65 0
65 94
65 129
65 5
65 130
65 15
65 32
65 131
65 48
66 67
66 68
66 69
66 22
66 70
66 26
66 71
66 72
66 73
66 74
66 75
66 3
66 76
66 77
66 78
66 79
66 80
66 81
66 82
66 83
66 84
66 85
66 86
66 87
66 88
68 38
69 36
71 26
74 141
74 75
75 66
77 97
79 78
79 158
79 159
80 36
80 19
82 83
82 92
82 45
82 19
82 36
83 162
85 170
88 130
90 91
92 38
92 44
92 35
92 45
92 36
92 46
132 53
133 19
134 52
134 19
134 36
135 134
135 97
135 136
137 26
138 26
138 19
138 36
138 52
138 66
138 71
138 137
138 32
138 139
140 3
141 142
143 66
144 29
145 36
145 19
146 19
146 145
146 36
146 147
148 35
148 95
148 96
148 44
148 97
148 39
148 42
148 43
148 98
148 99
148 40
148 100
148 101
148 26
148 92
148 93
148 45
148 102
148 103
148 59
148 104
148 30
148 105
148 106
148 149
148 19
148 145
148 24
148 36
148 60
148 29
148 144
148 55
148 107
148 108
148 58
148 52
148 90
148 109
148 2
148 110
148 49
148 66
148 111
148 38
148 112
148 150
148 113
148 114
148 115
148 76
148 71
148 137
148 116
148 117
148 118
148 119
148 120
148 33
148 151
148 34
148 67
148 14
148 121
148 123
148 124
148 125
148 147
148 142
148 141
148 126
148 128
148 0
148 130
148 15
148 72
148 74
148 3
148 32
148 27
152 35
152 95
152 96
152 44
152 97
152 39
152 42
152 43
152 98
152 99
152 40
152 100
152 101
152 26
152 92
152 93
152 45
152 102
152 103
152 59
152 104
152 30
152 105
152 106
152 149
152 19
152 145
152 24
152 36
152 60
152 29
152 144
152 55
152 107
152 108
152 58
152 52
152 90
152 109
152 2
152 110
152 49
152 66
152 111
152 38
152 112
152 150
152 113
152 114
152 115
152 76
152 71
152 137
152 116
152 117
152 118
152 119
152 120
152 33
152 151
152 34
152 67
152 14
152 121
152 123
152 124
152 125
152 147
152 142
152 141
152 126
152 128
152 0
152 130
152 15
152 72
152 74
152 3
152 32
152 27
153 35
153 95
153 96
153 44
153 97
153 39
153 42
153 43
153 98
153 99
153 40
153 100
153 101
153 26
153 92
153 93
153 45
153 102
153 103
153 59
153 104
153 30
153 105
153 106
153 149
153 19
153 145
153 24
153 36
153 60
153 29
153 144
153 55
153 107
153 108
153 58
153 52
153 90
153 109
153 2
153 110
153 49
153 66
153 111
153 38
153 112
153 150
153 113
153 114
153 115
153 76
153 71
153 137
153 116
153 117
153 118
153 119
153 120
153 33
153 151
153 34
153 67
153 14
153 121
153 123
153 124
153 125
153 147
153 142
153 141
153 126
153 128
153 0
153 130
153 15
153 72
153 74
153 3
153 32
153 27
154 35
154 95
154 96
154 44
154 97
154 39
154 42
154 43
154 98
154 99
154 40
154 100
154 101
154 26
154 92
154 93
154 45
154 102
154 103
154 59
154 104
154 30
154 105
154 106
154 149
154 19
154 145
154 24
154 36
154 60
154 29
154 144
154 55
154 107
154 108
154 58
154 52
154 90
154 109
154 2
154 110
154 49
154 66
154 111
154 38
154 112
154 150
154 113
154 114
154 115
154 76
154 71
154 137
154 116
154 117
154 118
154 119
154 120
154 33
154 151
154 34
154 67
154 14
154 121
154 123
154 124
154 125
154 147
154 142
154 141
154 126
154 128
154 0
154 130
154 15
154 72
154 74
154 3
154 32
154 27
155 35
155 95
155 96
155 44
155 97
155 39
155 42
155 43
155 98
155 99
155 40
155 100
155 101
155 26
155 92
155 93
155 45
155 102
155 103
155 59
155 104
155 30
155 105
155 106
155 149
155 19
155 145
155 24
155 36
155 60
155 29
155 144
155 55
155 107
155 108
155 58
155 52
155 90
155 109
155 2
155 110
155 49
155 66
155 111
155 38
155 112
155 150
155 113
155 114
155 115
155 76
155 71
155 137
155 116
155 117
155 118
155 119
155 120
155 33
155 151
155 34
155 136
155 67
155 14
155 121
155 123
155 124
155 125
155 147
155 142
155 141
155 126
155 128
155 0
155 130
155 15
155 72
155 74
155 3
155 32
155 27
156 33
156 19
157 66
157 32
157 27
158 66
158 32
158 27
159 66
159 158
159 32
159 27
160 66
160 158
160 32
160 27
161 66
161 158
161 32
161 27
163 83
163 164
163 66
163 158
163 32
163 27
165 163
165 39
166 164
167 66
167 164
168 88
169 164
172 173
172 35
