# Article : Enfer
# FROM 2004-09-10-15-53-33 TO 2010-02-02-18-54-27
75 81
0 1
0 2
0 3
0 4
0 5
6 7
8 7
9 10
9 0
9 11
12 13
14 15
15 9
16 17
16 18
16 19
20 21
20 22
23 24
24 13
25 24
26 24
27 18
28 19
29 30
29 31
29 32
29 33
29 13
29 34
29 35
29 36
32 37
38 39
40 41
42 41
43 39
43 3
43 44
43 45
43 4
43 46
43 7
43 47
45 43
48 36
49 50
51 52
51 53
51 54
51 55
51 56
51 57
55 3
55 49
57 65
57 66
58 53
59 60
59 61
59 57
61 57
61 68
61 65
61 66
61 69
62 63
62 64
67 57
68 65
68 66
70 61
70 57
71 61
71 57
72 61
72 57
73 65
73 66
73 49
74 73
