# Article : Merlin
# FROM 2015-02-20-17-23-58 TO 2021-01-06-17-42-23
86 97
0 1
0 2
1 60
1 3
1 61
1 62
1 22
1 54
3 4
3 5
3 6
3 7
3 8
3 9
3 10
3 11
3 12
3 13
3 14
3 15
3 16
3 17
3 18
3 19
3 20
3 21
9 3
9 61
9 60
9 63
16 61
16 60
18 60
18 22
22 23
22 24
22 25
22 26
22 27
22 28
22 29
22 30
22 31
22 32
33 34
33 35
33 36
33 37
35 22
35 54
35 55
35 56
38 16
38 39
38 18
40 41
40 42
40 43
44 45
44 46
44 47
44 48
44 49
44 50
46 61
46 22
51 22
52 51
53 3
57 22
57 58
59 1
59 9
64 65
64 1
65 3
66 67
68 61
69 70
69 67
71 72
71 16
71 73
74 61
74 60
74 22
74 75
74 76
77 74
78 79
78 80
78 81
82 22
82 58
83 82
84 37
85 21
