# Article : Achille
# FROM 2015-03-22-17-26-51 TO 2021-01-30-14-20-52
145 194
0 1
0 2
1 25
1 26
1 27
1 28
1 29
1 30
1 31
1 32
1 33
1 34
3 4
3 5
3 6
3 7
3 8
3 9
3 10
3 11
3 12
3 13
3 14
3 15
3 16
3 17
9 43
9 41
9 109
9 110
9 106
9 107
11 21
18 7
18 19
18 20
18 21
18 22
18 23
18 24
20 113
20 79
20 21
20 114
20 67
20 115
20 41
20 106
20 107
20 43
21 12
21 106
27 41
29 41
29 35
35 4
35 36
35 37
35 38
35 39
35 40
35 41
35 42
35 43
35 27
35 9
35 44
35 45
35 46
35 47
35 48
35 49
35 50
42 97
42 43
42 98
47 43
48 36
48 43
48 41
48 35
48 101
48 86
48 25
48 116
49 43
51 36
51 52
51 53
51 54
55 1
56 57
56 58
56 6
56 59
56 60
56 61
56 62
56 63
56 64
59 79
61 36
62 43
62 114
62 109
62 110
62 1
62 0
62 127
65 66
65 41
65 43
65 67
65 68
65 69
70 71
70 72
70 73
73 36
73 41
73 43
73 67
74 75
74 7
74 42
76 36
77 71
77 76
77 78
80 7
80 81
80 82
83 84
83 6
83 7
85 1
86 87
86 27
88 89
88 68
88 90
91 89
91 92
91 93
91 94
91 95
91 96
96 79
96 61
99 41
100 43
100 101
100 56
100 102
100 63
103 41
104 60
105 41
106 107
106 108
111 112
111 20
117 43
117 41
117 110
117 101
117 86
117 25
118 117
118 119
120 35
121 93
121 122
123 124
123 125
123 126
128 62
129 0
130 93
130 96
131 96
132 25
133 134
133 135
136 137
136 138
136 90
139 140
139 96
141 17
142 79
143 142
143 63
144 119
