# Article : Opus_Dei
# FROM 2005-04-01-14-09-42 TO 2008-06-14-14-18-53
110 156
0 1
0 2
0 3
0 4
0 5
0 6
0 7
0 8
0 9
0 10
0 11
0 12
0 13
0 14
0 15
0 16
0 17
0 18
0 19
0 20
0 21
0 22
0 23
0 24
0 25
0 26
0 27
5 9
5 29
5 30
5 27
5 31
8 27
8 28
21 10
21 17
21 20
26 3
26 2
26 20
26 23
26 24
26 25
28 27
32 18
33 26
33 27
34 35
34 36
34 37
34 38
34 39
34 40
37 38
39 76
40 76
40 60
41 42
41 27
41 43
44 36
44 34
45 8
45 14
46 47
48 49
50 48
51 50
52 53
52 54
52 55
52 40
52 56
57 52
58 57
58 1
59 8
59 52
60 57
60 5
60 1
60 6
60 7
60 8
60 9
60 61
61 6
61 60
61 62
63 60
63 1
63 5
63 8
64 54
64 52
65 66
67 54
67 52
67 66
67 64
68 63
69 68
69 63
69 70
71 72
71 73
71 65
71 74
71 75
73 39
77 73
78 73
79 78
79 80
79 55
79 81
80 55
82 73
83 81
84 34
84 85
84 0
84 2
84 81
86 81
87 88
87 81
89 84
90 62
90 8
90 91
90 6
90 60
90 7
90 92
90 1
90 4
90 0
90 93
90 47
90 76
90 94
90 95
90 96
97 90
98 23
98 24
99 100
99 101
99 102
103 101
104 105
106 104
106 107
106 108
109 104
