# Article : Dieu
# FROM 2010-11-06-05-15-06 TO 2011-09-09-18-49-11
240 1623
0 1
0 2
0 3
0 4
0 5
0 6
0 7
0 8
0 9
4 86
4 11
4 5
4 87
4 12
4 88
4 23
4 89
4 90
4 7
4 13
4 70
4 34
4 91
4 92
4 93
4 94
4 95
4 96
4 97
4 98
4 99
4 100
4 101
4 71
4 72
4 102
4 103
4 104
4 105
4 8
4 106
4 60
4 73
4 16
4 74
4 75
4 76
4 77
4 78
4 79
4 80
4 81
4 19
4 107
4 82
4 108
4 109
4 110
4 111
4 112
4 83
4 44
4 113
4 114
4 1
4 9
4 22
4 2
4 3
4 24
4 25
4 6
4 26
4 27
4 28
4 33
4 42
4 40
4 43
4 38
4 45
4 36
4 39
4 41
4 115
4 51
4 48
4 53
4 54
4 58
4 116
4 117
5 7
5 13
5 8
5 73
5 16
5 106
5 151
5 152
5 96
5 153
5 154
7 11
7 12
7 13
7 8
7 5
7 14
7 15
7 16
7 17
7 18
7 1
7 4
7 19
7 9
7 2
7 3
7 20
7 21
7 22
7 23
7 24
7 25
7 6
7 26
7 27
7 28
7 29
7 30
7 31
7 32
7 33
7 34
7 35
7 36
7 37
7 38
7 39
7 40
7 41
7 42
7 43
7 44
7 45
7 46
7 47
7 48
7 49
7 50
7 51
7 52
7 53
7 54
7 55
7 56
7 57
7 58
7 59
8 7
8 5
8 73
10 1
10 2
10 3
10 4
10 5
10 6
10 7
10 9
12 11
12 23
12 1
12 3
12 7
12 66
12 4
12 20
12 19
12 8
12 9
12 21
12 5
12 2
12 13
12 22
12 6
12 31
12 24
12 25
12 26
12 27
12 28
12 131
12 33
12 132
12 133
12 134
12 122
12 135
12 34
12 36
12 136
12 137
12 138
12 40
12 38
12 16
12 39
12 139
12 43
12 140
12 141
12 42
12 142
12 45
12 143
12 44
14 15
17 12
17 11
17 23
17 126
17 127
17 1
17 22
17 2
17 3
17 4
17 5
17 6
17 7
17 8
17 9
17 51
17 33
17 42
17 24
17 40
17 25
17 43
17 54
17 26
17 48
17 38
17 16
17 13
17 45
17 27
17 28
17 36
17 58
17 39
17 53
17 128
17 129
17 86
17 19
17 130
23 1
23 4
23 7
23 19
23 8
23 9
23 22
23 2
23 3
23 5
23 6
23 27
23 12
23 26
23 24
23 17
23 25
23 118
23 28
23 11
23 119
23 120
23 121
23 31
23 33
23 122
23 34
23 35
23 16
23 13
23 36
34 1
34 51
34 7
34 33
34 42
34 3
34 12
34 5
34 2
34 24
34 40
34 25
34 43
34 54
34 26
34 48
34 38
34 23
34 16
34 13
34 45
34 27
34 28
34 36
34 39
34 53
34 9
34 164
34 165
38 1
38 168
38 4
38 7
38 19
38 8
38 9
38 169
55 1
55 22
55 23
55 7
55 33
55 3
55 2
55 24
55 25
55 4
55 5
55 6
55 26
55 205
55 8
55 27
55 28
55 12
55 9
55 34
55 36
55 206
55 207
55 208
55 209
55 37
55 38
55 16
55 13
55 40
55 39
60 5
60 13
60 1
60 2
60 3
60 7
60 4
60 20
60 19
60 21
60 8
60 9
61 62
61 1
61 2
61 3
61 4
61 5
61 6
61 7
61 8
61 9
62 13
63 64
63 65
63 1
63 3
63 66
63 4
63 20
63 7
63 19
63 8
63 9
64 7
64 5
64 99
64 100
65 11
65 5
65 12
65 89
65 7
65 13
65 70
65 34
65 94
65 96
65 99
65 100
65 72
65 8
65 106
65 73
65 16
65 74
65 76
65 151
65 23
65 44
65 9
67 68
67 69
67 11
67 5
67 12
67 23
67 7
67 13
67 70
67 71
67 72
67 8
67 60
67 73
67 16
67 74
67 75
67 76
67 77
67 78
67 79
67 80
67 81
67 19
67 82
67 83
71 5
71 7
71 13
71 1
71 12
71 11
71 22
71 23
71 33
71 3
71 2
71 24
71 25
71 4
71 6
71 26
71 8
71 27
71 28
71 9
71 34
71 40
71 38
71 16
71 36
71 39
71 51
71 42
71 43
71 44
71 48
71 45
71 53
71 115
73 5
73 7
73 8
73 123
73 1
73 22
73 23
73 33
73 34
73 12
73 3
73 2
73 24
73 25
73 4
73 6
73 26
73 124
73 27
73 28
73 36
73 9
74 7
74 16
76 5
84 1
84 3
84 66
84 4
84 7
84 19
84 8
84 9
84 22
84 23
84 2
84 5
84 6
84 12
85 1
85 3
85 66
85 4
85 7
85 19
85 8
85 9
89 12
89 7
89 13
89 66
89 1
89 22
89 23
89 2
89 3
89 4
89 5
89 6
89 8
89 9
89 33
89 42
89 34
89 24
89 40
89 25
89 43
89 44
89 26
89 38
89 16
89 45
89 27
89 28
89 150
89 36
89 39
94 99
100 7
100 5
101 7
105 148
105 1
105 17
105 22
105 23
105 7
105 2
105 3
105 24
105 4
105 5
105 6
105 26
105 8
105 27
105 12
105 9
105 11
105 25
105 28
105 149
105 33
105 34
105 40
105 38
105 16
105 13
105 36
105 39
106 5
125 1
125 2
125 3
125 4
125 5
125 7
125 8
125 9
144 145
144 69
144 146
147 127
155 156
155 157
155 19
157 12
157 89
157 90
157 5
157 7
157 13
158 159
160 159
161 159
162 15
163 5
166 5
167 5
170 1
170 4
170 7
170 19
170 8
170 9
171 1
171 4
171 7
171 19
171 8
171 172
171 9
173 1
173 4
173 7
173 19
173 8
173 9
173 3
174 1
174 3
174 4
174 7
174 19
174 8
174 9
175 1
175 3
175 4
175 7
175 19
175 8
175 11
175 9
176 1
176 3
176 66
176 4
176 7
176 19
176 8
176 9
177 1
177 2
177 3
177 4
177 5
177 7
177 8
177 9
178 1
178 2
178 3
178 4
178 5
178 7
178 8
178 9
178 22
178 23
178 33
178 34
178 12
178 24
178 25
178 6
178 26
178 16
178 13
178 27
178 28
178 36
179 1
179 2
179 3
179 4
179 5
179 7
179 8
179 9
180 1
180 2
180 3
180 4
180 5
180 7
180 8
180 9
181 1
181 2
181 3
181 4
181 5
181 6
181 7
181 8
181 9
182 1
182 2
182 3
182 4
182 5
182 6
182 7
182 8
182 9
183 1
183 22
183 2
183 3
183 4
183 5
183 6
183 7
183 8
183 9
184 1
184 22
184 2
184 3
184 4
184 5
184 6
184 7
184 8
184 9
185 1
185 22
185 2
185 3
185 4
185 5
185 6
185 7
185 8
185 9
186 1
186 22
186 2
186 3
186 4
186 5
186 6
186 7
186 8
186 9
187 1
187 22
187 2
187 3
187 4
187 5
187 6
187 7
187 8
187 9
188 1
188 22
188 2
188 3
188 4
188 5
188 6
188 7
188 8
188 9
189 1
189 22
189 2
189 190
189 3
189 4
189 5
189 6
189 7
189 8
189 9
191 1
191 192
191 2
191 3
191 4
191 5
191 6
191 7
191 8
191 9
193 1
193 22
193 23
193 2
193 3
193 4
193 5
193 6
193 7
193 8
193 9
194 1
194 22
194 23
194 2
194 3
194 4
194 5
194 6
194 7
194 8
194 9
195 1
195 22
195 23
195 2
195 3
195 4
195 5
195 6
195 7
195 8
195 9
196 66
196 1
196 22
196 23
196 2
196 3
196 4
196 5
196 6
196 7
196 8
196 9
197 1
197 22
197 23
197 2
197 3
197 4
197 5
197 6
197 7
197 8
197 12
197 9
198 1
198 22
198 23
198 2
198 3
198 4
198 5
198 6
198 7
198 8
198 12
198 9
198 33
198 42
198 34
198 24
198 40
198 25
198 43
198 26
198 38
198 16
198 13
198 45
198 27
198 28
198 36
198 39
199 1
199 22
199 23
199 2
199 3
199 4
199 5
199 6
199 7
199 8
199 12
199 9
199 11
199 24
199 25
199 26
199 27
199 28
200 1
200 22
200 23
200 2
200 3
200 4
200 5
200 6
200 7
200 8
200 27
200 12
200 9
201 1
201 12
201 11
201 17
201 22
201 23
201 7
201 2
201 3
201 24
201 25
201 4
201 5
201 6
201 26
201 8
201 27
201 28
201 9
201 51
201 33
201 42
201 40
201 43
201 54
201 48
201 38
201 16
201 13
201 45
201 36
201 39
201 53
202 3
202 1
202 2
202 24
202 7
202 25
202 4
202 5
202 6
202 26
202 8
202 27
202 28
202 12
202 9
203 1
203 12
203 11
203 22
203 23
203 7
203 33
203 135
203 3
203 2
203 24
203 25
203 4
203 5
203 6
203 26
203 8
203 27
203 28
203 9
204 1
204 22
204 23
204 7
204 33
204 3
204 2
204 24
204 25
204 4
204 5
204 6
204 26
204 8
204 27
204 28
204 12
204 9
210 1
210 22
210 23
210 7
210 33
210 34
210 12
210 3
210 2
210 24
210 25
210 4
210 5
210 6
210 26
210 8
210 27
210 28
210 36
210 9
210 42
210 40
210 43
210 44
210 38
210 16
210 13
210 45
210 211
210 39
212 1
212 22
212 23
212 7
212 33
212 34
212 12
212 3
212 2
212 24
212 25
212 4
212 5
212 6
212 26
212 16
212 8
212 27
212 28
212 36
212 9
212 213
212 13
214 1
214 22
214 23
214 7
214 33
214 34
214 12
214 3
214 2
214 24
214 25
214 4
214 5
214 6
214 26
214 16
214 13
214 8
214 27
214 28
214 36
214 9
214 215
214 136
216 1
216 37
216 22
216 23
216 7
216 33
216 34
216 12
216 3
216 2
216 24
216 40
216 25
216 4
216 5
216 6
216 26
216 38
216 16
216 13
216 8
216 27
216 28
216 36
216 39
216 9
216 137
217 1
217 37
217 22
217 23
217 7
217 33
217 218
217 34
217 12
217 3
217 2
217 24
217 40
217 25
217 4
217 5
217 6
217 26
217 38
217 16
217 13
217 8
217 27
217 28
217 36
217 39
217 9
219 1
219 22
219 23
219 7
219 33
219 34
219 12
219 3
219 2
219 24
219 40
219 25
219 4
219 5
219 6
219 26
219 38
219 16
219 13
219 8
219 27
219 28
219 36
219 39
219 9
220 1
220 22
220 23
220 7
220 33
220 42
220 34
220 12
220 3
220 2
220 24
220 40
220 25
220 43
220 4
220 6
220 26
220 38
220 16
220 5
220 13
220 8
220 27
220 28
220 36
220 39
220 9
220 45
221 1
221 22
221 23
221 7
221 33
221 42
221 34
221 12
221 3
221 2
221 24
221 40
221 25
221 43
221 4
221 6
221 26
221 38
221 16
221 5
221 13
221 8
221 45
221 27
221 28
221 36
221 39
221 9
222 1
222 22
222 23
222 7
222 223
222 33
222 42
222 34
222 12
222 3
222 2
222 24
222 40
222 25
222 43
222 4
222 6
222 26
222 38
222 16
222 5
222 13
222 8
222 45
222 27
222 28
222 36
222 39
222 9
224 1
224 225
224 22
224 23
224 7
224 33
224 42
224 34
224 12
224 3
224 2
224 24
224 40
224 25
224 43
224 44
224 6
224 26
224 38
224 16
224 5
224 13
224 8
224 45
224 27
224 28
224 36
224 39
224 9
226 1
226 22
226 23
226 7
226 33
226 42
226 34
226 12
226 3
226 2
226 24
226 40
226 25
226 43
226 44
226 6
226 26
226 38
226 16
226 5
226 13
226 8
226 45
226 27
226 28
226 36
226 39
226 9
226 211
227 1
227 22
227 23
227 7
227 33
227 42
227 34
227 12
227 3
227 2
227 24
227 40
227 25
227 43
227 44
227 6
227 26
227 38
227 16
227 5
227 13
227 8
227 45
227 27
227 28
227 36
227 39
227 9
228 1
228 22
228 23
228 7
228 33
228 42
228 34
228 12
228 3
228 2
228 24
228 40
228 25
228 43
228 44
228 6
228 26
228 38
228 16
228 5
228 13
228 8
228 45
228 27
228 28
228 36
228 39
228 9
228 150
228 129
228 86
228 11
228 63
228 51
228 54
228 48
228 19
228 58
228 53
229 1
229 22
229 23
229 7
229 33
229 42
229 34
229 12
229 3
229 5
229 2
229 24
229 40
229 25
229 43
229 44
229 6
229 26
229 38
229 16
229 13
229 8
229 45
229 27
229 28
229 36
229 39
229 9
230 1
230 46
230 231
230 22
230 23
230 7
230 33
230 42
230 34
230 12
230 3
230 5
230 2
230 24
230 40
230 25
230 43
230 44
230 6
230 26
230 48
230 38
230 16
230 13
230 8
230 45
230 27
230 28
230 36
230 39
230 9
230 129
230 51
232 1
232 22
232 23
232 7
232 33
232 42
232 34
232 12
232 3
232 5
232 2
232 24
232 40
232 25
232 43
232 44
232 6
232 26
232 48
232 38
232 16
232 13
232 8
232 45
232 27
232 28
232 36
232 39
232 9
232 129
232 86
232 63
232 51
232 233
232 54
232 19
232 58
232 53
234 1
234 51
234 7
234 33
234 42
234 34
234 12
234 3
234 5
234 2
234 24
234 40
234 25
234 43
234 44
234 6
234 26
234 48
234 38
234 23
234 16
234 13
234 8
234 45
234 27
234 28
234 36
234 39
234 9
235 1
235 51
235 7
235 33
235 42
235 34
235 12
235 3
235 5
235 2
235 24
235 40
235 25
235 43
235 54
235 26
235 48
235 38
235 23
235 16
235 13
235 45
235 27
235 28
235 36
235 39
235 53
235 9
236 1
236 51
236 7
236 56
236 33
236 42
236 34
236 12
236 3
236 5
236 2
236 24
236 40
236 25
236 43
236 54
236 26
236 48
236 38
236 23
236 16
236 13
236 45
236 27
236 28
236 36
236 39
236 53
236 9
237 1
237 51
237 7
237 33
237 42
237 34
237 12
237 3
237 5
237 2
237 24
237 40
237 25
237 43
237 54
237 26
237 48
237 38
237 23
237 16
237 13
237 45
237 27
237 28
237 36
237 39
237 53
237 9
238 129
238 86
238 1
238 11
238 87
238 12
238 239
238 51
238 7
238 33
238 42
238 3
238 2
238 24
238 40
238 25
238 43
238 54
238 26
238 48
238 38
238 23
238 16
238 5
238 13
238 45
238 27
238 28
238 19
238 36
238 58
238 39
238 53
238 9
