# Article : Opus_Dei
# FROM 2008-06-18-09-27-28 TO 2013-01-09-20-57-58
81 108
0 1
0 2
0 3
0 4
3 17
5 6
5 2
5 7
5 8
5 9
5 10
5 11
5 12
5 13
5 14
5 1
7 5
7 2
7 8
7 9
7 10
7 11
7 12
7 13
7 14
7 1
7 6
7 25
7 3
7 26
8 5
8 15
8 16
8 3
8 17
8 18
8 19
8 20
8 21
11 10
15 2
15 1
16 37
22 23
22 24
27 5
27 28
27 29
27 30
27 31
27 32
33 16
34 33
35 33
36 15
36 3
37 57
37 58
37 59
37 60
37 61
37 62
37 63
38 9
39 40
39 41
39 42
39 43
39 44
45 3
45 46
45 47
45 4
45 33
45 16
45 48
45 8
49 45
49 3
49 4
50 45
51 46
51 49
52 53
52 3
54 55
56 55
59 68
59 37
59 34
59 33
59 69
59 70
59 71
62 73
64 37
65 37
66 65
67 37
71 59
71 72
74 58
75 76
76 62
77 76
78 77
79 77
80 76
