# Article : Sagrada_Familia
# FROM 2015-05-06-19-32-25 TO 2021-01-28-20-44-28
89 88
0 1
0 2
0 3
0 4
0 5
0 6
0 7
0 8
0 9
4 66
4 67
4 68
4 69
4 70
4 71
4 14
4 72
4 73
4 74
4 75
4 33
4 13
4 24
4 55
4 76
4 77
5 66
6 14
7 14
10 11
10 12
13 14
14 15
14 16
14 17
14 18
14 19
14 20
14 13
14 21
14 22
14 23
24 25
24 26
24 27
28 29
28 30
28 31
28 32
33 34
33 35
33 36
33 37
33 38
39 40
39 41
39 42
39 43
44 45
44 46
44 47
44 48
44 49
44 50
44 51
44 52
53 45
54 55
56 54
57 14
58 59
58 60
58 2
61 42
62 13
63 64
63 65
78 79
78 80
81 82
81 5
81 83
81 22
81 6
84 8
85 9
86 87
86 88
