# Article : Pedagogie_Steiner-Waldorf
# FROM 2009-12-27-16-46-25 TO 2016-12-24-21-47-21
55 110
0 1
0 2
0 3
0 4
0 5
0 6
7 8
7 4
7 3
7 9
7 10
7 11
7 12
7 13
7 14
7 15
7 16
7 17
7 18
7 19
7 20
7 21
13 25
13 7
14 7
14 36
14 22
14 37
14 38
14 39
14 40
14 13
14 16
14 41
14 42
14 43
14 18
14 17
15 14
15 42
16 41
16 36
16 14
16 7
16 22
16 35
17 15
17 7
17 16
17 18
17 42
17 38
17 49
17 50
17 14
17 43
17 22
17 20
17 21
18 15
18 14
18 17
18 16
18 42
18 22
18 7
18 52
21 42
22 23
24 2
24 3
24 4
26 4
27 4
28 3
28 4
28 29
30 4
30 3
31 5
31 32
33 7
34 11
35 14
42 15
42 17
42 7
42 22
42 18
42 38
43 15
43 18
44 14
44 41
44 7
44 22
45 7
45 14
45 22
46 36
46 22
46 37
46 38
47 14
47 7
48 47
51 15
53 54
53 18
53 17
