# Article : Collectif_contre_l'islamophobie_en_France
# FROM 2013-01-06-09-51-49 TO 2015-08-28-16-47-38
51 158
0 1
0 2
0 3
1 4
1 5
1 2
1 6
1 7
1 3
1 8
1 9
1 10
1 11
1 12
1 13
2 5
2 1
2 4
2 21
3 1
5 1
5 4
5 0
5 8
5 21
5 22
5 2
5 14
5 3
8 1
8 5
8 4
8 22
10 1
10 38
11 1
12 1
12 18
12 17
12 14
12 8
12 35
12 4
12 5
12 0
12 21
12 3
12 34
12 46
12 38
12 47
12 11
13 29
13 17
13 8
13 41
13 4
13 5
13 1
13 40
13 0
13 21
14 15
14 16
14 17
14 18
14 19
14 1
14 20
15 22
15 0
15 17
15 18
16 14
16 17
16 2
16 1
16 8
16 35
17 2
17 1
17 39
17 19
17 13
17 40
17 8
17 16
18 13
18 17
19 0
21 1
21 4
23 21
23 24
25 8
25 1
25 0
25 5
25 2
25 4
26 25
27 25
27 5
27 1
27 2
27 28
28 1
28 8
28 5
29 30
31 32
31 1
31 12
31 13
31 17
33 11
34 1
35 1
36 8
37 28
42 13
43 13
44 15
44 13
44 18
45 1
48 14
48 1
48 8
48 45
48 46
48 2
48 5
48 3
48 35
48 4
48 0
48 21
48 34
48 17
48 38
48 47
48 11
49 12
50 2
50 1
50 5
50 3
50 8
50 17
50 35
50 14
50 4
50 0
50 21
50 34
50 46
50 38
