# Article : Hindouisme
# FROM 2017-05-17-19-59-43 TO 2020-09-06-09-27-54
140 276
0 1
0 2
0 3
0 4
0 5
0 6
3 6
3 46
3 4
3 0
3 1
3 19
3 47
3 41
4 46
4 47
6 0
6 3
6 4
6 18
6 19
6 20
6 10
6 21
6 22
6 23
6 24
6 25
6 26
7 8
7 9
7 10
7 11
7 12
7 13
7 14
7 15
7 16
7 17
10 58
10 41
10 2
11 58
11 41
11 60
11 6
11 3
11 0
11 5
11 61
11 2
11 62
11 63
11 1
11 64
11 65
11 66
11 67
11 68
11 18
11 69
11 70
11 37
11 71
11 72
11 73
12 71
12 62
12 38
12 37
12 1
12 103
12 104
12 61
12 105
12 5
12 106
12 41
12 107
12 0
12 88
12 89
17 14
17 41
17 2
17 62
18 3
19 46
24 123
27 28
27 29
27 30
27 17
31 32
31 29
33 34
33 35
33 36
35 34
37 3
37 38
37 39
37 40
41 3
41 42
41 43
41 44
41 45
47 3
48 49
48 50
48 51
48 16
52 6
53 9
53 54
55 56
55 57
58 59
74 10
74 11
75 10
76 77
76 78
76 79
80 71
81 32
82 32
83 32
84 85
86 84
86 87
87 0
87 5
87 61
87 2
87 62
87 41
87 82
87 63
87 1
87 64
87 65
87 66
87 67
87 68
87 3
87 18
87 69
87 70
87 37
87 71
87 72
87 73
87 38
87 88
87 89
87 90
87 6
87 91
87 92
87 93
87 94
87 95
87 96
87 97
87 98
87 99
87 100
87 101
87 102
87 7
87 60
87 85
87 103
87 104
87 105
87 106
87 107
87 108
87 109
87 110
87 111
87 112
113 3
114 14
114 115
116 14
116 117
118 14
118 41
118 60
118 6
118 3
118 85
118 0
118 5
118 61
118 2
118 62
118 119
118 82
118 63
118 1
118 64
118 65
118 66
118 67
118 120
118 68
118 121
118 18
118 69
118 70
118 37
118 71
118 72
118 73
122 118
124 125
126 41
126 6
126 3
126 0
126 5
126 61
126 2
126 62
126 1
126 120
126 37
126 71
126 73
126 127
126 38
126 103
126 104
126 105
126 106
126 107
126 128
126 88
126 89
126 90
126 91
126 92
126 93
126 94
126 95
126 96
126 97
126 98
126 99
126 100
126 101
126 102
126 108
126 109
126 110
126 111
126 112
126 129
126 130
126 131
126 132
126 133
126 134
126 135
136 126
136 125
137 7
138 137
138 41
138 2
138 62
139 30
