# Article : Tchetchenie
# FROM 2010-03-29-00-32-21 TO 2017-03-18-09-33-02
96 104
0 1
0 2
2 0
3 4
3 5
3 6
3 7
3 8
3 9
3 10
3 11
3 12
3 13
3 14
3 15
16 17
16 18
16 19
16 20
16 21
16 22
18 0
18 2
18 47
18 48
18 49
18 50
18 1
22 2
22 64
22 65
22 66
22 36
22 67
22 0
22 68
22 69
22 70
22 71
22 72
22 73
22 74
22 75
22 76
22 77
22 78
22 79
22 80
22 81
22 82
22 83
22 11
22 3
22 84
22 85
22 86
22 87
22 88
22 89
22 47
22 48
22 49
22 50
22 1
22 27
22 90
22 61
22 62
22 58
22 91
22 92
22 93
22 44
22 94
22 95
23 24
23 25
23 26
27 2
27 28
29 30
29 31
29 32
33 34
33 35
36 37
36 38
36 39
40 41
42 43
42 41
44 45
46 7
51 11
52 25
53 20
54 55
54 56
54 57
58 59
60 61
60 62
60 58
63 61
