# Article: Martin_Luther_King
# FROM 2015-03-10-14-41-16 TO 2019-01-21-11-45-53
189 234
0 1
2 3
3 6
4 5
6 7
7 6
8 9
8 10
8 11
8 12
8 13
8 14
8 15
8 16
8 17
8 18
8 19
8 20
8 21
8 22
8 23
8 24
8 25
8 26
8 27
8 28
10 55
10 6
10 0
10 2
11 54
13 6
13 81
13 54
13 2
13 103
13 65
13 74
13 29
13 73
13 97
13 83
13 98
13 99
13 100
19 6
19 174
19 142
25 58
29 30
29 31
31 6
31 0
32 33
32 34
32 35
32 36
36 160
37 30
37 38
37 39
37 40
37 13
37 41
39 60
39 56
39 0
39 6
39 61
40 96
42 43
42 44
42 30
42 45
42 46
42 47
48 6
49 48
49 50
49 51
49 9
49 52
49 53
51 0
51 2
51 54
51 55
51 56
51 6
57 6
57 58
57 59
62 54
62 6
62 0
62 2
62 55
62 60
62 56
62 61
62 63
62 59
62 58
62 64
62 65
62 66
62 67
62 68
62 69
62 70
62 29
62 71
62 72
62 73
62 74
62 75
62 76
62 77
62 4
62 78
62 79
62 80
62 81
62 82
62 83
62 84
62 85
62 86
62 87
62 88
62 89
62 90
62 91
62 92
62 93
62 94
62 95
62 96
62 97
62 98
62 99
62 100
62 101
62 102
62 103
62 104
62 105
62 106
62 107
62 108
62 109
62 110
62 111
62 112
62 113
62 114
62 115
62 116
62 117
62 118
62 119
62 120
62 121
62 122
62 123
62 124
62 125
62 126
62 127
62 128
62 129
62 130
62 131
62 132
62 133
62 134
62 135
62 136
62 137
62 138
62 139
62 140
62 141
62 142
62 143
62 144
62 145
62 146
62 147
62 148
62 149
62 150
62 151
62 152
142 153
154 155
156 0
157 156
157 158
159 0
159 2
159 160
161 159
161 155
161 162
161 163
164 165
164 3
164 166
164 167
167 6
168 169
168 17
168 170
171 1
171 172
171 173
175 19
175 176
175 22
175 177
175 170
176 54
178 179
178 180
178 181
182 179
183 2
184 166
184 167
185 160
186 185
187 160
188 187
