# Article : Achille
# FROM 2009-11-19-16-11-59 TO 2015-03-21-21-22-21
146 170
0 1
0 2
0 3
4 5
4 6
4 7
4 8
4 9
4 10
4 11
4 12
4 13
4 14
4 15
4 16
4 17
4 18
12 0
12 74
12 77
12 72
12 61
12 4
12 33
19 20
19 21
22 8
23 24
23 25
23 26
23 27
23 20
23 28
23 29
23 30
23 31
23 32
23 33
23 34
23 35
23 36
23 37
23 18
23 38
23 39
23 40
23 41
23 42
23 43
23 44
23 45
23 46
23 47
23 48
25 0
25 63
25 23
25 64
25 65
25 66
25 67
25 68
25 4
25 69
25 70
25 71
25 72
25 73
25 74
25 61
25 75
25 76
25 77
25 78
25 79
25 80
25 81
25 82
25 83
25 84
25 85
25 86
25 87
25 88
25 89
25 90
25 91
25 92
25 22
25 93
25 15
25 94
25 95
25 96
25 97
25 98
25 99
25 100
25 101
25 102
25 103
25 104
25 105
25 106
25 107
25 108
25 109
25 110
27 0
34 0
37 65
39 63
39 74
41 0
41 68
41 135
41 63
41 71
41 72
41 73
41 74
41 4
49 41
50 51
50 52
50 53
50 54
50 55
50 14
50 56
50 57
50 58
50 59
50 38
50 60
50 41
61 62
108 4
108 89
111 25
112 20
113 54
114 115
115 70
116 33
117 118
119 118
120 121
120 122
120 123
124 58
124 125
126 35
127 36
128 129
128 44
130 131
130 132
130 133
134 40
136 44
137 0
137 4
138 21
138 139
140 141
140 142
143 47
144 145
144 140
