# Article : Astrologie
# FROM 2008-01-11-16-20-30 TO 2011-02-16-12-25-31
61 84
0 1
2 3
4 5
5 16
5 2
5 0
5 1
6 7
6 0
7 26
7 37
7 2
7 52
7 53
7 54
8 9
8 10
8 11
8 6
8 12
8 13
8 14
8 15
16 1
17 9
18 17
18 19
18 6
20 21
22 23
22 24
22 25
26 27
26 28
26 20
26 29
26 30
26 5
26 19
26 1
26 0
26 2
26 31
26 32
26 18
26 33
26 34
26 35
26 36
26 37
26 7
37 13
37 50
37 26
37 7
38 39
38 20
40 33
40 41
40 42
43 44
45 43
46 47
48 49
48 47
48 46
51 48
54 7
54 26
55 7
55 56
56 7
56 54
56 57
58 6
59 7
59 55
59 2
59 26
59 60
59 48
59 45
59 49
59 6
