# Article : Collectif_contre_l'islamophobie_en_France
# FROM 2015-09-14-15-28-24 TO 2016-10-26-17-40-23
45 104
0 1
0 2
0 3
0 4
0 5
0 6
0 7
0 8
0 9
0 10
0 11
0 12
1 0
1 8
1 7
2 0
2 15
6 0
6 17
6 16
6 1
6 18
6 14
7 0
7 11
7 24
7 14
7 25
7 1
7 26
7 13
7 27
7 8
7 12
7 9
7 28
8 9
8 12
8 11
8 7
8 16
8 13
8 0
8 29
8 14
8 30
8 31
8 32
8 3
8 33
8 34
8 1
8 35
8 36
8 37
9 7
9 2
9 12
9 28
9 40
9 8
10 7
10 9
11 0
11 17
11 1
11 14
11 13
11 4
11 21
11 7
11 8
11 9
11 22
12 9
12 11
12 7
12 8
12 0
13 0
13 14
13 11
13 12
16 0
16 17
17 0
19 0
19 14
19 20
22 8
23 17
23 16
23 11
28 9
29 8
35 9
38 0
38 11
39 0
41 9
41 16
42 8
43 8
44 1
