# Article :  Panthe9on_(Rome)
# FROM 2007-12-08-11-20-45 TO 2015-07-13-23-59-16
148 210
0 1
0 2
0 3
0 4
0 5
0 6
0 7
0 8
0 9
0 10
0 11
0 12
0 13
0 14
0 15
0 16
0 17
0 18
0 19
0 20
0 21
7 56
7 57
18 73
22 23
22 24
22 25
22 26
22 27
28 29
28 30
31 32
31 33
31 34
31 35
31 36
31 37
31 38
31 39
31 40
31 41
31 42
31 43
31 44
31 45
31 46
31 18
31 47
31 48
31 49
31 50
45 73
50 47
50 51
50 73
50 0
50 35
50 87
50 6
50 7
50 88
50 89
50 90
50 28
50 66
50 91
50 92
50 93
50 94
50 95
50 96
50 68
50 97
50 98
50 138
50 99
50 20
50 100
50 101
50 27
50 102
50 145
50 103
50 104
50 105
50 106
50 146
50 107
50 108
50 109
50 110
50 111
50 112
50 113
50 114
50 70
50 147
50 115
50 116
50 117
50 118
50 119
50 120
50 121
50 122
50 14
51 52
51 53
51 54
51 55
58 29
59 60
59 45
59 61
61 0
62 36
63 64
63 65
66 67
68 69
70 71
72 12
74 75
74 76
77 78
77 46
79 80
79 81
80 0
81 73
82 83
83 0
84 43
85 86
85 73
85 0
85 35
85 87
85 6
85 7
85 88
85 89
85 90
85 28
85 66
85 91
85 92
85 93
85 94
85 95
85 96
85 68
85 97
85 98
85 99
85 100
85 101
85 27
85 102
85 103
85 104
85 105
85 106
85 107
85 108
85 109
85 110
85 111
85 112
85 113
85 114
85 70
85 115
85 116
85 117
85 118
85 119
85 120
85 121
85 122
85 14
85 123
85 124
85 125
85 126
85 127
91 128
129 87
130 131
130 132
133 0
133 7
134 73
134 47
135 136
136 73
136 7
136 66
136 0
136 91
136 92
136 93
136 94
137 138
139 140
140 0
141 142
142 6
143 142
144 142
