# Article: Martin_Luther_King
# FROM 2011-02-23-05-59-44 TO 2015-03-05-16-29-05
89 109
0 1
1 49
1 50
1 51
1 52
1 53
2 3
2 4
2 5
6 7
8 9
8 10
8 11
8 7
8 12
8 13
8 14
8 15
8 16
8 17
8 18
8 19
8 20
8 21
20 51
20 63
20 53
20 71
20 67
21 67
21 53
22 1
22 23
22 3
22 2
22 24
22 25
22 21
23 49
23 53
23 54
26 27
28 29
28 30
28 31
28 32
28 33
28 34
33 49
33 50
33 51
33 52
33 53
35 36
36 58
37 38
37 10
37 23
37 39
37 40
37 41
42 43
42 38
42 44
42 45
46 47
46 48
55 14
56 57
56 58
59 24
60 61
60 62
60 52
60 0
60 49
60 50
60 51
60 53
60 63
60 64
60 65
60 66
60 67
60 68
60 69
60 70
60 71
60 72
73 41
74 53
75 74
75 41
75 76
75 77
75 78
75 27
77 53
79 53
80 79
81 19
82 76
83 76
84 53
84 54
85 84
86 52
87 86
88 53
