# Article : Louis_IX
# FROM 2016-09-30-19-00-29 TO 2021-02-01-00-03-01
92 97
0 1
0 2
0 3
0 4
0 5
0 6
2 49
2 50
4 66
4 15
4 46
4 67
4 68
4 11
4 69
4 70
4 49
4 71
4 72
4 73
4 74
4 48
4 53
4 75
4 16
4 76
4 50
4 29
4 77
4 78
4 58
4 79
4 80
7 8
7 9
7 10
11 12
11 13
11 14
15 16
17 18
17 19
17 20
19 53
19 46
19 54
19 15
19 29
21 13
22 23
22 24
22 25
22 26
22 27
22 28
29 30
29 31
32 33
32 34
32 35
36 37
36 4
36 38
36 39
37 15
40 41
40 27
40 42
40 43
44 45
44 5
44 4
45 15
45 77
46 47
48 46
51 2
52 18
55 56
55 57
55 58
55 59
55 60
55 61
55 62
63 64
63 65
81 10
82 83
82 34
82 61
82 84
82 85
86 87
86 88
89 90
89 91
