# Article : Temoins_de_Jehovah
# FROM 2007-05-09-03-48-17 TO 2008-01-23-21-23-59
95 175
0 1
0 2
0 3
0 4
0 5
0 6
0 7
0 8
0 9
0 10
0 11
0 12
0 13
0 14
0 15
0 16
1 18
1 19
1 2
1 20
1 21
1 6
1 7
1 8
2 1
2 0
2 22
2 24
2 25
2 26
2 27
2 28
2 29
2 30
2 31
2 5
2 32
2 33
2 34
2 7
2 6
2 35
2 12
2 36
2 37
2 8
2 38
2 39
5 2
5 1
6 2
6 58
6 59
6 60
6 61
6 62
6 63
6 0
6 64
6 65
6 19
6 1
6 66
6 35
6 24
6 21
6 7
6 67
6 68
6 34
6 23
7 2
7 35
7 0
7 24
7 1
7 58
7 59
7 60
7 61
7 62
7 63
7 64
7 65
7 19
7 66
7 67
7 23
7 69
15 2
15 80
17 7
18 1
18 2
18 22
22 6
22 2
22 7
22 45
23 2
24 2
39 1
40 41
40 42
43 44
45 2
46 47
46 2
47 82
48 49
49 2
50 3
51 28
52 2
53 28
53 52
54 44
55 2
56 2
56 1
57 2
69 7
70 2
71 70
72 2
72 35
72 0
72 24
72 1
72 58
72 59
72 60
72 61
72 62
72 63
72 64
72 65
72 19
72 66
73 6
73 74
73 58
73 2
73 7
73 75
73 76
73 12
73 13
73 77
73 78
73 79
73 80
73 15
73 1
73 81
80 1
80 2
83 82
84 83
84 85
86 23
87 2
87 7
87 1
87 82
87 22
87 34
87 84
88 2
89 8
90 67
91 2
92 2
93 67
94 6
