# Article : Antonio_Vivaldi
# FROM 2011-03-27-17-35-37 TO 2015-12-02-15-56-07
121 197
0 1
0 2
0 3
0 4
5 6
5 7
5 8
9 10
9 11
9 12
9 13
9 14
9 15
9 16
9 17
9 18
9 19
10 5
10 47
10 0
10 48
10 49
10 50
10 51
10 52
10 53
10 54
10 55
10 56
10 57
10 58
11 0
11 61
11 62
11 63
13 0
14 0
16 0
16 79
16 5
16 47
16 48
16 49
16 50
16 51
16 52
16 53
16 54
16 55
16 56
16 57
16 58
16 80
16 81
16 82
16 83
16 62
16 84
16 85
16 86
16 87
16 88
16 89
16 61
16 63
16 90
16 91
16 92
16 93
16 94
16 95
16 96
16 97
16 98
16 99
16 100
16 101
16 102
16 103
16 104
16 105
20 21
20 22
20 23
20 24
20 25
20 26
20 27
20 28
20 29
20 30
20 31
20 32
20 33
21 0
21 58
21 48
21 49
24 0
26 0
34 35
34 36
34 37
34 38
34 39
34 40
36 0
41 42
43 44
43 45
44 0
46 5
46 47
46 0
46 48
46 49
46 50
46 51
46 52
46 53
46 54
46 55
46 56
46 57
46 58
59 46
60 10
64 11
64 65
65 0
66 67
66 28
66 68
69 70
69 71
72 73
72 74
72 75
76 56
76 42
77 78
106 16
107 108
107 78
109 30
110 0
110 54
110 58
110 5
110 49
110 79
110 47
110 48
110 50
110 51
110 52
110 53
110 55
110 56
110 57
110 111
110 81
110 82
110 83
110 62
110 84
110 85
110 112
110 86
110 80
110 87
110 88
110 89
110 63
110 90
110 91
110 92
110 93
110 94
110 95
110 113
110 96
110 114
110 97
110 98
110 99
110 100
110 101
110 115
110 102
110 103
110 104
110 105
116 8
117 118
117 119
120 75
