# Article : Hindouisme
# FROM 2012-08-22-23-37-47 TO 2015-01-03-11-55-25
81 114
0 1
0 2
0 3
0 4
0 5
2 0
2 18
2 3
2 37
2 38
2 39
2 40
2 28
2 41
2 7
2 42
2 25
2 6
6 7
7 18
7 25
8 9
8 10
8 11
8 12
8 13
8 14
8 15
8 7
8 16
8 17
9 43
14 64
17 52
17 2
17 28
17 26
17 79
17 38
18 0
18 19
18 2
18 3
18 10
18 20
18 21
18 22
18 23
18 5
18 24
18 7
18 25
18 6
18 26
18 27
18 28
24 18
26 2
26 28
26 18
27 75
27 26
27 18
29 30
29 31
29 12
32 33
34 30
35 9
35 36
36 26
42 18
42 25
44 9
44 45
46 47
48 46
49 3
49 50
49 51
49 2
49 0
49 18
49 38
49 1
49 28
49 52
49 53
49 54
55 30
56 37
57 58
59 58
59 60
61 33
62 12
62 63
65 0
65 2
65 18
65 66
65 52
65 28
65 67
65 68
69 65
70 71
72 71
73 74
73 71
76 27
77 36
77 78
80 26
