# Article : Atheisme
# FROM 2012-08-27-22-40-57 TO 2016-06-06-10-24-01
78 119
0 1
0 2
0 3
0 4
0 5
0 6
0 7
8 9
9 29
9 45
9 42
9 46
9 47
9 48
9 31
9 49
9 50
9 0
9 51
9 52
9 30
10 11
10 12
12 45
12 66
12 67
13 14
13 15
16 17
16 9
16 18
16 19
19 16
19 34
19 45
19 42
19 29
19 46
19 47
19 48
19 31
19 49
19 30
19 20
20 21
20 22
20 23
20 24
20 25
20 26
20 27
20 28
20 19
20 29
20 30
20 31
20 32
20 33
20 34
20 35
33 48
33 34
33 61
33 31
33 71
33 36
33 29
33 35
34 19
34 16
34 68
34 69
34 70
34 33
34 36
34 35
35 33
35 34
35 74
35 45
35 19
35 75
36 37
36 2
36 38
36 39
36 40
36 41
36 34
36 33
42 43
44 9
53 54
53 3
55 56
55 57
55 58
55 19
55 33
59 5
60 61
62 12
62 63
62 64
62 65
72 34
73 34
73 35
73 33
76 33
76 34
76 75
76 74
76 45
76 35
76 20
77 33
77 34
77 20
