# Article: Martin_Luther_King
# FROM 2019-01-21-14-49-16 TO 2021-01-28-13-27-16
194 391
0 1
0 2
0 3
0 4
0 5
1 34
1 35
2 35
2 39
2 34
2 45
2 26
2 57
2 49
2 24
2 58
4 55
4 35
4 39
4 34
4 59
4 45
4 26
4 60
4 61
4 57
4 62
4 49
4 63
4 64
4 65
4 58
4 66
4 67
4 68
4 37
4 38
4 40
4 41
4 24
4 42
4 43
4 6
4 44
4 46
4 47
4 48
4 50
4 51
4 52
4 25
4 69
4 70
4 71
4 72
4 73
4 74
4 75
4 76
4 77
4 78
4 79
4 80
4 81
4 82
4 83
4 84
4 85
4 86
4 87
4 88
4 89
4 90
4 91
4 92
4 93
4 94
4 95
4 96
4 97
4 98
4 99
4 100
4 101
4 102
4 103
4 104
4 105
4 106
4 107
4 108
4 109
4 110
4 111
4 112
4 113
4 114
4 115
4 116
4 117
4 118
4 119
4 120
4 121
4 122
4 123
4 124
4 125
4 126
4 127
4 128
4 129
4 130
4 131
4 132
4 133
4 134
4 135
4 136
4 137
4 138
4 139
4 140
4 141
4 142
4 143
4 144
4 145
4 146
4 147
4 148
4 149
4 150
4 151
4 152
4 153
4 154
4 155
4 156
4 157
4 158
4 159
4 160
4 161
4 162
4 163
4 164
6 7
6 8
6 9
6 10
7 26
9 26
9 39
9 172
9 49
9 24
9 70
11 12
12 35
13 14
13 15
16 17
17 35
18 19
19 26
19 37
19 38
19 39
19 40
19 41
19 24
19 42
19 43
19 6
19 44
19 45
19 46
19 47
19 48
19 49
19 50
19 51
19 52
19 25
20 21
21 172
22 23
24 25
24 26
24 27
28 29
28 26
28 14
28 30
28 17
30 35
31 32
31 12
31 21
31 33
33 172
36 1
53 23
54 55
54 21
54 56
56 172
56 26
165 55
166 165
167 55
167 35
167 168
167 169
167 170
167 39
167 171
167 59
167 34
167 172
167 45
167 26
167 60
167 61
167 57
167 62
167 49
167 8
167 63
167 64
167 65
167 58
167 66
167 67
167 24
167 68
167 37
167 38
167 40
167 41
167 6
167 43
167 44
167 42
167 46
167 47
167 48
167 50
167 51
167 52
167 25
167 69
167 70
167 71
167 72
167 73
167 74
167 75
167 76
167 77
167 78
167 80
167 173
167 81
167 82
167 83
167 84
167 85
167 86
167 87
167 88
167 174
167 90
167 91
167 92
167 93
167 94
167 95
167 96
167 97
167 98
167 99
167 100
167 101
167 102
167 103
167 104
167 175
167 106
167 107
167 108
167 109
167 176
167 110
167 177
167 27
167 111
167 112
167 113
167 114
167 115
167 116
167 117
167 118
167 119
167 120
167 121
167 122
167 123
167 178
167 124
167 125
167 126
167 127
167 128
167 129
167 130
167 131
167 132
167 133
167 134
167 135
167 136
167 137
167 138
167 139
167 140
167 141
167 142
167 143
167 144
167 145
167 146
167 147
167 148
167 149
167 150
167 151
167 152
167 153
167 154
167 155
167 156
167 179
167 158
167 159
167 160
167 161
167 162
167 163
167 164
167 157
167 180
167 181
167 182
167 183
167 184
167 185
167 186
187 167
188 17
189 55
189 35
190 189
191 14
191 190
191 35
191 39
191 172
191 45
191 26
191 49
191 8
191 24
191 37
191 38
191 40
191 41
191 6
191 43
191 44
191 42
191 46
191 47
191 48
191 50
191 51
192 191
192 21
193 34
