# Article Mosquee
# FROM 2008-11-11-13-25-05 TO 2015-10-27-03-23-31
77 126
0 1
0 2
0 3
0 4
0 5
0 6
0 7
0 8
0 9
0 10
0 11
5 3
5 30
5 46
12 13
12 14
15 16
15 17
15 18
15 19
15 6
15 20
15 21
15 22
15 23
15 24
15 25
15 26
15 27
15 28
15 0
15 29
15 3
15 30
15 31
15 32
15 33
15 34
15 35
15 36
15 37
15 38
15 39
15 40
15 41
17 3
17 42
17 43
17 27
17 35
17 0
17 44
25 28
25 0
25 29
25 3
25 30
25 31
25 27
25 32
25 33
25 34
25 35
25 36
25 37
25 38
25 39
40 70
40 37
40 27
40 3
40 29
40 71
40 46
40 72
40 35
40 73
40 68
40 74
40 75
40 76
45 17
46 47
48 4
49 6
50 20
50 51
52 21
53 54
53 9
53 55
55 27
55 46
55 3
55 35
55 29
55 30
55 68
55 12
56 23
57 58
59 58
60 61
60 29
60 3
60 28
60 30
60 31
60 27
60 32
60 33
60 34
60 35
60 36
60 37
60 38
60 39
60 40
62 27
62 35
62 29
63 64
63 65
66 29
67 66
69 55
