# Article : Scientologie
FROM 2004-02-04-08-05-49 TO 2006-05-11-01-01-58
93 183
0 1
2 3
4 2
4 3
5 3
5 4
6 3
6 7
6 8
6 9
6 10
6 11
6 12
6 13
6 14
6 15
7 6
9 37
9 35
10 6
10 7
10 9
13 33
13 50
13 58
13 27
13 15
13 57
13 81
14 6
14 10
14 15
14 80
14 50
14 57
14 81
14 87
16 17
16 18
16 19
18 66
18 64
19 69
19 49
19 9
19 6
19 27
19 33
19 58
19 53
19 25
19 71
19 23
19 92
19 91
19 90
20 17
20 21
21 27
21 33
21 44
21 43
22 23
24 23
25 26
27 25
27 26
27 28
27 29
27 3
27 30
27 31
27 32
27 33
27 34
28 27
28 25
28 26
29 2
29 46
34 57
34 18
35 36
35 9
35 37
35 38
35 33
36 23
36 24
36 39
36 3
36 25
36 4
36 6
36 5
36 27
36 28
36 26
37 1
37 27
37 28
37 26
37 25
37 23
37 39
40 41
40 5
40 4
42 33
43 33
44 33
45 33
47 48
48 15
49 34
49 50
49 51
49 52
49 53
49 54
49 55
49 56
49 14
50 15
50 14
50 68
50 69
51 15
51 50
51 57
51 33
51 58
51 71
51 25
51 20
51 72
51 9
51 73
51 74
51 32
51 61
51 75
51 76
51 35
51 23
51 24
51 49
51 37
51 27
54 27
54 49
56 14
56 58
58 59
58 33
58 60
58 50
61 62
61 63
64 65
67 18
67 52
69 50
69 57
70 58
77 78
77 79
80 14
80 15
80 57
80 50
80 81
82 49
82 50
83 82
84 85
84 86
88 14
88 9
88 27
88 71
89 14
90 91
