# Article : Agriculture_biologique
# FROM 2011-10-11-09-43-54 TO 2014-08-14-23-22-23
91 109
0 1
0 2
0 3
3 58
3 28
3 10
3 64
3 65
3 54
3 66
3 24
3 67
3 68
3 21
3 29
3 69
3 70
3 71
3 72
3 55
3 73
3 74
3 75
4 5
4 6
4 7
4 8
4 9
7 24
10 11
10 12
10 13
10 14
10 15
10 16
10 17
10 18
10 19
10 20
21 22
21 23
21 24
22 39
22 38
22 40
22 24
22 41
22 42
22 43
22 29
22 44
22 30
22 45
22 46
22 47
22 48
22 49
22 50
22 51
22 52
22 53
22 54
22 25
22 27
22 21
22 55
22 56
24 22
24 25
24 1
24 26
24 27
24 3
24 10
24 28
24 29
25 24
25 22
25 58
27 24
27 22
30 22
31 32
31 33
34 35
34 22
34 36
37 29
38 27
57 22
59 22
60 22
60 24
61 24
62 22
63 27
76 24
77 3
78 7
79 80
79 81
82 22
83 22
84 85
86 85
86 87
88 36
89 81
90 33
