# Article : Homeopathie
# FROM 2010-10-28-00-06-03 TO 2011-10-03-18-50-16
56 124
0 1
0 2
0 3
4 5
4 6
4 7
4 8
4 9
4 10
4 11
4 12
4 13
4 14
4 15
4 16
4 17
7 10
8 30
8 16
8 13
9 13
9 33
9 10
9 7
10 16
10 32
10 48
10 7
10 22
10 49
13 9
13 7
13 5
13 6
13 34
13 22
13 30
13 35
13 36
13 37
13 38
13 16
14 28
14 4
14 55
14 13
15 52
15 14
15 53
15 4
15 7
15 28
15 54
15 16
15 11
16 13
16 30
16 22
16 36
16 9
16 38
16 5
16 29
16 8
16 45
16 33
16 4
16 14
16 15
17 4
18 19
19 31
20 10
21 10
22 23
22 7
23 22
24 25
24 26
24 27
24 4
24 7
24 28
24 14
28 6
28 13
28 7
29 9
29 30
29 16
29 13
29 5
30 13
30 9
30 39
30 4
30 40
30 41
30 42
30 43
30 44
30 38
30 31
30 35
30 36
30 37
30 8
30 29
30 16
32 10
33 16
33 29
33 5
33 46
33 9
46 29
47 23
50 13
50 5
50 16
50 10
51 27
54 4
54 14
