# Article : Dieu
# FROM 2010-12-03-06-13-52 TO 2011-10-08-23-43-37
250 1918
0 1
0 2
0 3
0 4
0 5
0 6
0 7
0 8
0 9
4 59
4 11
4 5
4 90
4 12
4 92
4 21
4 93
4 94
4 7
4 13
4 74
4 32
4 95
4 96
4 97
4 98
4 99
4 100
4 101
4 102
4 103
4 104
4 105
4 75
4 76
4 106
4 107
4 108
4 109
4 8
4 110
4 66
4 77
4 14
4 78
4 79
4 80
4 81
4 82
4 83
4 84
4 85
4 17
4 111
4 86
4 112
4 113
4 114
4 115
4 116
4 87
4 42
4 117
4 118
4 1
4 9
4 20
4 2
4 3
4 22
4 23
4 6
4 24
4 25
4 26
4 31
4 40
4 38
4 41
4 36
4 43
4 34
4 37
4 39
4 119
4 49
4 46
4 51
4 52
4 56
4 120
4 121
4 58
4 60
4 62
4 122
4 123
5 7
5 13
5 8
5 77
5 14
5 110
5 157
5 158
5 100
5 159
5 160
7 11
7 12
7 13
7 8
7 5
7 14
7 15
7 16
7 1
7 4
7 17
7 9
7 2
7 3
7 18
7 19
7 20
7 21
7 22
7 23
7 6
7 24
7 25
7 26
7 27
7 28
7 29
7 30
7 31
7 32
7 33
7 34
7 35
7 36
7 37
7 38
7 39
7 40
7 41
7 42
7 43
7 44
7 45
7 46
7 47
7 48
7 49
7 50
7 51
7 52
7 53
7 54
7 55
7 56
7 57
7 58
7 59
7 60
7 61
7 62
7 63
7 64
7 65
8 5
8 77
10 1
10 2
10 3
10 4
10 5
10 6
10 7
10 9
12 11
12 21
12 1
12 3
12 7
12 72
12 4
12 18
12 17
12 8
12 9
12 19
12 5
12 2
12 13
12 20
12 6
12 29
12 22
12 23
12 24
12 25
12 26
12 140
12 31
12 141
12 142
12 143
12 128
12 144
12 32
12 34
12 145
12 146
12 147
12 38
12 36
12 14
12 37
12 148
12 41
12 149
12 150
12 40
12 151
12 43
12 152
12 42
15 12
15 11
15 21
15 133
15 1
15 20
15 2
15 3
15 4
15 5
15 6
15 7
15 8
15 9
15 49
15 31
15 40
15 22
15 38
15 23
15 41
15 52
15 24
15 46
15 36
15 14
15 13
15 43
15 25
15 26
15 34
15 56
15 37
15 51
15 134
15 58
15 59
15 17
15 135
15 90
15 60
15 62
15 136
15 137
15 138
15 139
21 1
21 4
21 7
21 17
21 8
21 9
21 20
21 2
21 3
21 5
21 6
21 25
21 12
21 24
21 22
21 15
21 23
21 124
21 26
21 11
21 125
21 126
21 127
21 29
21 31
21 128
21 32
21 33
21 14
21 13
21 34
32 1
32 49
32 7
32 31
32 40
32 3
32 12
32 5
32 2
32 22
32 38
32 23
32 41
32 52
32 24
32 46
32 36
32 21
32 14
32 13
32 43
32 25
32 26
32 34
32 37
32 51
32 9
32 164
32 165
36 1
36 168
36 4
36 7
36 17
36 8
36 9
36 169
53 1
53 20
53 21
53 7
53 31
53 3
53 2
53 22
53 23
53 4
53 5
53 6
53 24
53 205
53 8
53 25
53 26
53 12
53 9
53 32
53 34
53 206
53 207
53 208
53 209
53 35
53 36
53 14
53 13
53 38
53 37
53 58
53 59
53 60
53 49
53 40
53 41
53 52
53 46
53 43
53 17
53 56
53 51
53 136
53 138
56 58
56 59
56 1
56 11
56 90
56 12
56 91
56 49
56 7
56 31
56 40
56 3
56 2
56 22
56 38
56 23
56 41
56 52
56 24
56 46
56 36
56 21
56 14
56 5
56 13
56 43
56 25
56 26
56 17
56 34
56 37
56 51
56 9
66 5
66 13
66 1
66 2
66 3
66 7
66 4
66 18
66 17
66 19
66 8
66 9
67 68
67 1
67 2
67 3
67 4
67 5
67 6
67 7
67 8
67 9
68 13
69 70
69 71
69 1
69 3
69 72
69 4
69 18
69 7
69 17
69 8
69 9
70 7
70 5
70 103
70 104
71 11
71 5
71 12
71 93
71 7
71 13
71 74
71 32
71 98
71 100
71 103
71 104
71 76
71 8
71 110
71 77
71 14
71 78
71 80
71 157
71 21
71 42
71 9
73 11
73 5
73 12
73 21
73 7
73 13
73 74
73 75
73 76
73 8
73 66
73 77
73 14
73 78
73 79
73 80
73 81
73 82
73 83
73 84
73 85
73 17
73 86
73 87
75 5
75 7
75 13
75 1
75 12
75 11
75 20
75 21
75 31
75 3
75 2
75 22
75 23
75 4
75 6
75 24
75 8
75 25
75 26
75 9
75 32
75 38
75 36
75 14
75 34
75 37
75 49
75 40
75 41
75 42
75 46
75 43
75 51
75 119
77 5
77 7
77 8
77 1
77 20
77 21
77 31
77 32
77 12
77 3
77 2
77 22
77 23
77 4
77 6
77 24
77 131
77 25
77 26
77 34
77 9
80 5
88 1
88 3
88 72
88 4
88 7
88 17
88 8
88 9
88 20
88 21
88 2
88 5
88 6
88 12
89 1
89 3
89 72
89 4
89 7
89 17
89 8
89 9
93 12
93 7
93 13
93 72
93 1
93 20
93 21
93 2
93 3
93 4
93 5
93 6
93 8
93 9
93 31
93 40
93 32
93 22
93 38
93 23
93 41
93 42
93 24
93 36
93 14
93 43
93 25
93 26
93 156
93 34
93 37
104 7
104 5
105 7
109 154
109 1
109 15
109 20
109 21
109 7
109 2
109 3
109 22
109 4
109 5
109 6
109 24
109 8
109 25
109 12
109 9
109 11
109 23
109 26
109 155
109 31
109 32
109 38
109 36
109 14
109 13
109 34
109 37
109 58
109 59
109 60
109 49
109 40
109 41
109 52
109 138
109 46
109 43
109 56
109 51
110 5
129 58
129 59
129 1
129 60
129 49
129 7
129 130
129 31
129 40
129 3
129 2
129 22
129 38
129 23
129 41
129 52
129 24
129 46
129 36
129 21
129 14
129 5
129 13
129 43
129 25
129 26
129 34
129 12
129 56
129 37
129 51
129 9
132 1
132 2
132 3
132 4
132 5
132 7
132 8
132 9
153 133
161 162
161 17
162 12
162 93
162 94
162 5
162 7
162 13
163 5
166 5
167 5
170 1
170 4
170 7
170 17
170 8
170 9
171 1
171 4
171 7
171 17
171 8
171 172
171 9
173 1
173 4
173 7
173 17
173 8
173 9
173 3
174 1
174 3
174 4
174 7
174 17
174 8
174 9
175 1
175 3
175 4
175 7
175 17
175 8
175 11
175 9
176 1
176 3
176 72
176 4
176 7
176 17
176 8
176 9
177 1
177 2
177 3
177 4
177 5
177 7
177 8
177 9
178 1
178 2
178 3
178 4
178 5
178 7
178 8
178 9
178 20
178 21
178 31
178 32
178 12
178 22
178 23
178 6
178 24
178 14
178 13
178 25
178 26
178 34
179 1
179 2
179 3
179 4
179 5
179 7
179 8
179 9
180 1
180 2
180 3
180 4
180 5
180 7
180 8
180 9
181 1
181 2
181 3
181 4
181 5
181 6
181 7
181 8
181 9
182 1
182 2
182 3
182 4
182 5
182 6
182 7
182 8
182 9
183 1
183 20
183 2
183 3
183 4
183 5
183 6
183 7
183 8
183 9
184 1
184 20
184 2
184 3
184 4
184 5
184 6
184 7
184 8
184 9
185 1
185 20
185 2
185 3
185 4
185 5
185 6
185 7
185 8
185 9
186 1
186 20
186 2
186 3
186 4
186 5
186 6
186 7
186 8
186 9
187 1
187 20
187 2
187 3
187 4
187 5
187 6
187 7
187 8
187 9
188 1
188 20
188 2
188 3
188 4
188 5
188 6
188 7
188 8
188 9
189 1
189 20
189 2
189 190
189 3
189 4
189 5
189 6
189 7
189 8
189 9
191 1
191 192
191 2
191 3
191 4
191 5
191 6
191 7
191 8
191 9
193 1
193 20
193 21
193 2
193 3
193 4
193 5
193 6
193 7
193 8
193 9
194 1
194 20
194 21
194 2
194 3
194 4
194 5
194 6
194 7
194 8
194 9
195 1
195 20
195 21
195 2
195 3
195 4
195 5
195 6
195 7
195 8
195 9
196 72
196 1
196 20
196 21
196 2
196 3
196 4
196 5
196 6
196 7
196 8
196 9
197 1
197 20
197 21
197 2
197 3
197 4
197 5
197 6
197 7
197 8
197 12
197 9
198 1
198 20
198 21
198 2
198 3
198 4
198 5
198 6
198 7
198 8
198 12
198 9
198 31
198 40
198 32
198 22
198 38
198 23
198 41
198 24
198 36
198 14
198 13
198 43
198 25
198 26
198 34
198 37
199 1
199 20
199 21
199 2
199 3
199 4
199 5
199 6
199 7
199 8
199 12
199 9
199 11
199 22
199 23
199 24
199 25
199 26
200 1
200 20
200 21
200 2
200 3
200 4
200 5
200 6
200 7
200 8
200 25
200 12
200 9
201 1
201 12
201 11
201 15
201 20
201 21
201 7
201 2
201 3
201 22
201 23
201 4
201 5
201 6
201 24
201 8
201 25
201 26
201 9
201 49
201 31
201 40
201 38
201 41
201 52
201 46
201 36
201 14
201 13
201 43
201 34
201 37
201 51
202 3
202 1
202 2
202 22
202 7
202 23
202 4
202 5
202 6
202 24
202 8
202 25
202 26
202 12
202 9
203 1
203 12
203 11
203 20
203 21
203 7
203 31
203 144
203 3
203 2
203 22
203 23
203 4
203 5
203 6
203 24
203 8
203 25
203 26
203 9
204 1
204 20
204 21
204 7
204 31
204 3
204 2
204 22
204 23
204 4
204 5
204 6
204 24
204 8
204 25
204 26
204 12
204 9
210 1
210 20
210 21
210 7
210 31
210 32
210 12
210 3
210 2
210 22
210 23
210 4
210 5
210 6
210 24
210 8
210 25
210 26
210 34
210 9
210 40
210 38
210 41
210 42
210 36
210 14
210 13
210 43
210 211
210 37
212 1
212 20
212 21
212 7
212 31
212 32
212 12
212 3
212 2
212 22
212 23
212 4
212 5
212 6
212 24
212 14
212 8
212 25
212 26
212 34
212 9
212 213
212 13
214 1
214 20
214 21
214 7
214 31
214 32
214 12
214 3
214 2
214 22
214 23
214 4
214 5
214 6
214 24
214 14
214 13
214 8
214 25
214 26
214 34
214 9
214 215
214 145
216 1
216 35
216 20
216 21
216 7
216 31
216 32
216 12
216 3
216 2
216 22
216 38
216 23
216 4
216 5
216 6
216 24
216 36
216 14
216 13
216 8
216 25
216 26
216 34
216 37
216 9
216 146
217 1
217 35
217 20
217 21
217 7
217 31
217 218
217 32
217 12
217 3
217 2
217 22
217 38
217 23
217 4
217 5
217 6
217 24
217 36
217 14
217 13
217 8
217 25
217 26
217 34
217 37
217 9
219 1
219 20
219 21
219 7
219 31
219 32
219 12
219 3
219 2
219 22
219 38
219 23
219 4
219 5
219 6
219 24
219 36
219 14
219 13
219 8
219 25
219 26
219 34
219 37
219 9
220 1
220 20
220 21
220 7
220 31
220 40
220 32
220 12
220 3
220 2
220 22
220 38
220 23
220 41
220 4
220 6
220 24
220 36
220 14
220 5
220 13
220 8
220 25
220 26
220 34
220 37
220 9
220 43
221 1
221 20
221 21
221 7
221 31
221 40
221 32
221 12
221 3
221 2
221 22
221 38
221 23
221 41
221 4
221 6
221 24
221 36
221 14
221 5
221 13
221 8
221 43
221 25
221 26
221 34
221 37
221 9
222 1
222 20
222 21
222 7
222 223
222 31
222 40
222 32
222 12
222 3
222 2
222 22
222 38
222 23
222 41
222 4
222 6
222 24
222 36
222 14
222 5
222 13
222 8
222 43
222 25
222 26
222 34
222 37
222 9
224 1
224 225
224 20
224 21
224 7
224 31
224 40
224 32
224 12
224 3
224 2
224 22
224 38
224 23
224 41
224 42
224 6
224 24
224 36
224 14
224 5
224 13
224 8
224 43
224 25
224 26
224 34
224 37
224 9
226 1
226 20
226 21
226 7
226 31
226 40
226 32
226 12
226 3
226 2
226 22
226 38
226 23
226 41
226 42
226 6
226 24
226 36
226 14
226 5
226 13
226 8
226 43
226 25
226 26
226 34
226 37
226 9
226 211
227 1
227 20
227 21
227 7
227 31
227 40
227 32
227 12
227 3
227 2
227 22
227 38
227 23
227 41
227 42
227 6
227 24
227 36
227 14
227 5
227 13
227 8
227 43
227 25
227 26
227 34
227 37
227 9
228 1
228 20
228 21
228 7
228 31
228 40
228 32
228 12
228 3
228 2
228 22
228 38
228 23
228 41
228 42
228 6
228 24
228 36
228 14
228 5
228 13
228 8
228 43
228 25
228 26
228 34
228 37
228 9
228 156
228 58
228 59
228 11
228 69
228 49
228 52
228 46
228 17
228 56
228 51
228 229
228 60
228 64
228 230
231 1
231 20
231 21
231 7
231 31
231 40
231 32
231 12
231 3
231 5
231 2
231 22
231 38
231 23
231 41
231 42
231 6
231 24
231 36
231 14
231 13
231 8
231 43
231 25
231 26
231 34
231 37
231 9
232 1
232 44
232 233
232 20
232 21
232 7
232 31
232 40
232 32
232 12
232 3
232 5
232 2
232 22
232 38
232 23
232 41
232 42
232 6
232 24
232 46
232 36
232 14
232 13
232 8
232 43
232 25
232 26
232 34
232 37
232 9
232 58
232 49
234 1
234 20
234 21
234 7
234 31
234 40
234 32
234 12
234 3
234 5
234 2
234 22
234 38
234 23
234 41
234 42
234 6
234 24
234 46
234 36
234 14
234 13
234 8
234 43
234 25
234 26
234 34
234 37
234 9
234 58
234 59
234 69
234 49
234 235
234 52
234 17
234 56
234 51
234 136
234 137
234 60
234 236
237 1
237 49
237 7
237 31
237 40
237 32
237 12
237 3
237 5
237 2
237 22
237 38
237 23
237 41
237 42
237 6
237 24
237 46
237 36
237 21
237 14
237 13
237 8
237 43
237 25
237 26
237 34
237 37
237 9
238 1
238 49
238 7
238 31
238 40
238 32
238 12
238 3
238 5
238 2
238 22
238 38
238 23
238 41
238 52
238 24
238 46
238 36
238 21
238 14
238 13
238 43
238 25
238 26
238 34
238 37
238 51
238 9
239 1
239 49
239 7
239 54
239 31
239 40
239 32
239 12
239 3
239 5
239 2
239 22
239 38
239 23
239 41
239 52
239 24
239 46
239 36
239 21
239 14
239 13
239 43
239 25
239 26
239 34
239 37
239 51
239 9
239 58
239 59
239 60
239 17
239 56
240 1
240 49
240 7
240 31
240 40
240 32
240 12
240 3
240 5
240 2
240 22
240 38
240 23
240 41
240 52
240 24
240 46
240 36
240 21
240 14
240 13
240 43
240 25
240 26
240 34
240 37
240 51
240 9
241 58
241 59
241 1
241 11
241 90
241 12
241 61
241 49
241 7
241 31
241 40
241 3
241 2
241 22
241 38
241 23
241 41
241 52
241 24
241 46
241 36
241 21
241 14
241 5
241 13
241 43
241 25
241 26
241 17
241 34
241 56
241 37
241 51
241 9
242 58
242 59
242 1
242 60
242 49
242 7
242 31
242 40
242 3
242 2
242 22
242 38
242 23
242 41
242 52
242 24
242 46
242 36
242 21
242 14
242 5
242 13
242 43
242 25
242 26
242 34
242 12
242 56
242 37
242 51
242 9
243 58
243 59
243 1
243 60
243 49
243 7
243 31
243 40
243 3
243 2
243 22
243 38
243 23
243 41
243 52
243 24
243 46
243 36
243 21
243 14
243 5
243 13
243 43
243 25
243 26
243 34
243 12
243 56
243 37
243 51
243 9
244 58
244 59
244 1
244 245
244 60
244 49
244 7
244 31
244 40
244 3
244 2
244 22
244 38
244 23
244 41
244 52
244 24
244 46
244 36
244 21
244 14
244 5
244 13
244 43
244 25
244 26
244 34
244 12
244 56
244 37
244 51
244 9
246 58
246 59
246 1
246 60
246 49
246 7
246 31
246 40
246 3
246 2
246 22
246 38
246 23
246 41
246 52
246 24
246 46
246 36
246 21
246 14
246 5
246 13
246 43
246 25
246 26
246 34
246 12
246 56
246 37
246 51
246 9
247 58
247 59
247 1
247 60
247 49
247 7
247 31
247 248
247 40
247 3
247 2
247 22
247 38
247 23
247 41
247 52
247 24
247 138
247 46
247 36
247 21
247 14
247 5
247 13
247 43
247 25
247 26
247 34
247 12
247 56
247 37
247 51
247 9
249 58
249 59
249 1
249 60
249 49
249 7
249 31
249 40
249 3
249 2
249 22
249 38
249 23
249 41
249 52
249 24
249 138
249 46
249 36
249 21
249 14
249 5
249 13
249 43
249 25
249 26
249 34
249 12
249 56
249 37
249 51
249 9
