# Article : Homeopathie
# FROM 2007-10-28-05-52-27 TO 2010-10-27-23-49-14
137 193
0 1
0 2
0 3
0 4
0 5
0 6
4 5
4 32
4 43
4 127
4 128
4 72
4 129
4 130
4 35
4 131
4 132
4 21
4 70
4 20
4 80
4 25
4 113
4 67
4 91
4 65
4 133
4 100
4 81
6 32
7 8
7 9
7 10
7 11
7 12
7 13
7 14
7 5
7 6
7 15
7 16
7 17
15 134
18 19
20 21
22 23
24 18
24 25
26 20
27 10
28 29
28 30
28 31
28 32
28 4
28 6
28 5
32 42
32 33
32 25
32 85
32 86
32 87
32 88
32 43
32 5
32 81
32 80
32 35
32 89
32 21
32 90
32 77
32 91
32 92
32 93
32 94
32 95
32 24
32 96
32 7
32 46
32 41
32 97
32 67
32 58
32 98
32 76
32 99
32 100
32 101
32 102
32 103
32 104
32 105
32 106
32 107
32 108
32 109
32 110
32 34
32 111
32 112
32 23
32 22
32 53
32 39
32 113
32 54
32 114
32 115
32 116
32 117
32 118
32 119
32 120
32 121
32 122
32 123
32 124
32 125
32 0
32 126
33 34
33 35
33 36
33 37
33 38
33 39
33 40
33 41
33 42
33 43
33 32
33 44
33 45
34 33
41 67
45 69
45 5
45 32
45 43
45 127
45 128
45 72
45 33
46 35
46 47
46 48
46 37
46 49
46 50
46 51
46 52
46 53
46 54
46 39
46 55
46 56
46 57
46 58
46 59
46 60
46 61
46 62
46 63
53 23
53 22
55 18
56 55
58 75
61 76
64 65
66 67
66 68
66 69
67 70
69 45
71 21
72 33
73 23
73 22
74 54
76 77
78 77
79 78
79 80
79 81
82 12
82 83
84 14
135 17
136 17
