# Article : Temoins_de_Jehovah
# FROM 2006-12-15-16-59-44 TO 2007-05-09-03-39-14
180 449
0 1
0 2
0 3
0 4
0 5
0 6
0 7
0 8
0 9
0 10
0 11
0 12
0 13
0 14
0 15
0 16
0 17
0 18
2 0
2 1
2 3
2 5
2 6
2 19
2 8
2 4
2 7
2 20
2 21
2 22
2 23
2 10
2 12
2 24
2 25
2 26
3 2
3 0
3 1
3 9
3 31
3 32
3 33
3 34
3 35
3 11
3 36
3 37
3 10
3 27
3 38
3 39
3 40
3 41
5 44
5 83
5 0
5 78
5 56
5 58
5 32
5 1
5 84
5 82
5 45
5 3
5 46
5 2
5 31
5 41
5 69
5 85
5 86
6 5
6 44
7 44
7 83
7 0
7 78
7 56
7 58
7 32
7 1
7 84
7 82
7 45
7 3
7 46
7 2
7 31
7 41
7 69
7 85
7 86
8 44
8 0
8 45
8 3
8 46
9 86
9 0
9 2
9 1
9 69
9 85
9 44
10 3
10 2
10 0
11 3
15 169
19 44
19 83
19 0
19 78
19 56
19 58
19 32
19 1
19 84
19 82
19 45
19 3
19 46
19 2
19 31
19 41
19 69
19 85
19 86
19 50
19 51
19 52
19 53
19 54
19 55
19 57
19 59
19 60
19 61
19 62
19 63
19 38
19 64
19 65
19 66
19 67
19 68
19 70
19 71
19 72
19 73
19 74
19 75
19 76
19 77
19 79
19 80
19 81
20 32
20 50
20 44
20 51
20 52
20 53
20 54
20 55
20 0
20 2
20 56
20 3
20 57
20 58
20 59
20 60
20 61
20 62
20 63
20 38
20 64
20 65
20 66
20 67
20 41
20 68
20 69
20 70
20 71
20 72
20 73
20 74
20 75
20 76
20 77
20 78
20 79
20 80
20 81
20 82
25 3
27 5
27 6
27 7
27 8
27 4
27 20
27 28
29 30
33 2
33 1
33 44
33 56
33 3
33 0
33 41
33 114
33 74
33 30
33 132
33 82
33 139
33 119
33 76
33 27
33 129
33 80
33 141
33 142
33 143
33 45
33 86
33 144
33 91
40 3
40 0
42 10
42 3
42 43
43 3
47 8
47 48
47 17
49 32
49 50
49 44
49 51
49 52
49 53
49 54
49 55
49 0
49 2
49 56
49 3
49 57
49 58
49 59
49 60
49 61
49 62
49 63
49 38
49 64
49 65
49 66
49 67
49 41
49 68
49 69
49 70
49 71
49 72
49 73
49 74
49 75
49 76
49 77
49 78
49 79
49 80
49 81
49 82
87 44
87 83
87 0
87 78
87 56
87 58
87 32
87 1
87 84
87 82
87 45
87 3
87 46
87 2
87 31
87 41
87 69
87 85
87 86
88 21
89 90
89 24
89 26
91 41
92 0
92 2
92 91
92 93
94 92
95 50
95 96
95 41
95 56
95 97
95 27
95 0
95 98
95 2
95 99
95 100
95 101
95 102
95 60
95 32
95 103
95 44
95 104
95 105
95 66
95 3
95 1
95 58
95 83
95 78
95 84
95 82
95 45
95 46
95 9
95 69
95 85
95 86
95 106
95 51
95 52
95 53
95 54
95 55
95 57
95 59
95 61
95 62
95 63
95 38
95 64
95 65
95 67
95 68
95 70
95 71
95 72
95 73
95 74
95 75
95 76
95 77
95 79
95 80
95 81
95 107
95 108
95 109
95 110
95 111
95 112
95 113
95 30
95 114
95 115
95 116
95 117
95 118
95 119
95 120
95 121
95 122
95 31
95 123
95 124
95 125
95 126
95 127
95 128
95 129
95 130
95 131
95 132
95 133
95 134
95 91
95 21
95 88
95 135
95 136
95 137
95 138
95 139
95 140
95 141
95 142
95 143
95 144
95 145
95 146
95 147
95 148
95 149
95 150
95 151
95 152
95 153
95 154
95 155
95 156
95 157
95 158
95 159
95 160
95 161
95 93
95 162
95 163
95 164
95 165
166 149
166 10
167 13
168 169
170 169
171 172
171 173
171 174
175 15
176 24
177 26
178 179
179 3
