# Article : Critiques_du_liberalisme_Economique
# FROM 2005-05-31-15-34-44 TO 2011-10-09-19-36-01
53 105
0 1
0 2
0 3
0 4
0 5
0 6
0 7
1 8
1 9
1 2
1 3
1 0
1 10
1 7
1 11
2 0
2 1
3 1
3 12
3 8
3 2
3 14
3 0
4 0
4 17
6 7
6 0
7 1
7 0
7 20
7 21
7 22
7 23
8 9
12 1
13 1
15 1
16 0
18 0
18 19
19 0
20 7
20 27
20 6
20 32
20 22
21 7
22 10
24 25
24 26
27 28
27 20
27 7
27 1
27 29
27 21
27 30
27 31
27 10
27 26
29 1
30 7
30 27
30 21
30 10
31 7
31 20
31 30
31 21
31 27
31 46
31 37
32 21
32 30
32 37
32 27
32 38
32 39
33 34
35 34
35 21
36 20
37 27
37 21
37 30
38 47
38 48
39 22
40 7
41 7
42 7
43 7
44 27
44 30
44 21
45 21
45 27
45 30
46 27
46 30
46 21
49 23
50 22
50 51
52 51
