# Article : Temoins_de_Jehovah
# FROM 2008-05-18-11-14-32 TO 2009-03-21-14-29-59
112 158
0 1
0 2
0 3
0 4
0 5
0 6
2 1
2 10
2 11
2 9
2 12
2 13
2 14
2 15
2 16
2 17
2 18
2 19
2 20
2 21
2 22
2 0
2 23
2 24
2 25
2 26
2 27
2 28
2 29
2 30
2 6
2 31
2 32
2 33
2 34
2 35
2 36
2 37
2 38
2 4
2 39
2 40
2 3
2 41
4 2
7 2
7 8
7 9
13 63
13 2
18 2
19 2
34 42
42 9
43 2
44 1
45 46
45 47
45 48
45 49
46 52
50 51
53 46
54 9
55 2
56 57
56 58
56 59
60 61
62 61
63 64
63 11
63 10
63 21
63 0
63 2
63 65
63 66
63 67
63 68
63 69
63 14
63 70
63 71
63 72
73 63
74 10
75 3
76 19
77 78
77 79
77 80
77 81
81 9
81 52
81 87
82 2
82 83
84 85
84 86
84 9
84 52
84 87
84 10
84 7
84 88
84 2
84 40
84 89
84 14
84 90
84 91
84 0
84 92
84 93
84 67
84 94
84 95
84 21
84 96
84 4
84 97
84 98
84 99
84 66
84 100
84 101
84 64
84 11
84 65
84 68
84 69
84 70
84 3
84 102
84 77
84 29
84 103
84 104
84 6
84 37
84 38
84 105
84 1
84 106
84 107
84 13
84 108
84 44
84 18
84 50
84 83
84 22
84 25
84 56
84 109
84 110
111 81
