# Article : Astrologie
# FROM 2011-02-16-22-01-33 TO 2017-02-21-10-50-26
78 87
0 1
2 3
2 4
2 5
2 6
3 14
3 48
3 49
7 8
7 9
7 10
7 11
7 12
8 10
8 55
11 73
12 75
13 10
13 14
13 15
13 16
13 17
13 18
13 19
13 20
13 7
14 22
21 14
21 10
21 22
21 23
21 24
21 25
21 26
21 13
21 8
21 27
21 28
22 21
22 10
22 31
22 32
22 8
22 33
29 30
29 3
34 35
34 36
34 37
34 26
34 38
34 39
34 40
34 41
34 42
34 43
34 44
34 45
34 46
45 9
47 3
50 3
51 52
51 53
51 54
55 56
55 57
55 31
55 58
55 13
55 59
60 1
61 13
62 13
63 54
64 65
64 66
66 21
66 48
66 67
66 68
69 70
69 71
72 7
74 12
76 74
77 8
