# Article : Religion
# FROM 2013-06-06-07-13-38 TO 2020-08-13-03-44-42
111 141
0 1
2 3
2 4
2 5
2 6
2 7
2 8
2 9
2 10
2 11
2 12
2 13
2 14
2 15
4 27
4 18
5 27
5 18
5 49
5 50
5 51
5 52
5 53
5 54
5 55
5 56
5 57
5 58
5 59
5 60
5 61
5 62
5 63
5 64
5 65
5 66
5 67
12 86
12 18
12 27
12 49
12 50
12 51
12 52
12 53
12 87
12 88
12 54
12 89
12 55
12 56
12 57
12 58
12 90
12 60
12 59
14 105
16 17
18 19
20 21
20 22
23 18
24 25
24 26
28 29
28 30
28 31
28 32
30 18
33 17
33 34
33 35
36 37
36 9
36 38
36 39
36 40
36 41
36 42
43 37
44 37
44 45
44 46
47 30
48 18
68 5
69 70
69 71
69 72
69 73
69 74
69 75
69 76
69 77
69 78
69 79
69 80
69 26
69 81
82 83
82 84
82 39
82 85
84 18
84 52
86 11
91 12
91 77
92 13
93 18
94 93
95 1
95 96
97 98
97 1
99 86
99 18
99 27
99 100
99 49
99 50
99 51
99 52
99 53
99 87
99 88
99 54
99 89
99 55
99 56
99 57
101 99
102 103
102 104
106 96
107 22
108 18
109 18
110 27
110 18
110 100
