# Article : Pedagogie_Steiner-Waldorf
# FROM 2016-02-23-06-24-09 TO 2020-11-16-19-15-41
60 144
0 1
0 2
0 3
0 4
0 5
0 6
1 9
1 14
1 15
2 1
2 0
2 16
2 3
2 9
2 17
2 18
2 19
2 7
2 10
2 8
2 5
2 6
2 20
2 4
2 21
3 1
3 7
3 2
3 16
3 9
3 8
3 0
3 23
3 24
3 25
3 26
3 27
3 28
3 29
3 30
6 9
6 3
6 2
6 7
6 5
6 36
6 10
6 20
6 8
6 0
6 23
6 1
6 37
7 0
7 8
7 9
7 10
7 3
7 2
9 1
9 2
9 0
9 8
9 3
9 17
10 1
10 3
11 12
11 13
12 13
12 42
13 15
13 40
22 1
25 13
26 3
26 31
26 25
26 13
31 32
31 3
31 2
31 33
31 1
31 34
31 35
33 6
38 20
39 1
39 21
41 15
43 40
43 25
44 3
44 6
44 13
44 5
44 31
44 45
44 1
44 21
46 44
46 25
46 9
46 45
46 31
46 40
46 12
47 3
47 6
47 48
47 49
47 20
47 13
47 5
47 31
47 1
47 21
50 44
50 25
50 9
50 45
50 31
50 40
51 52
51 53
51 9
54 3
55 3
56 3
56 45
56 17
56 6
56 0
57 3
57 58
59 9
59 3
59 42
59 13
59 45
59 5
59 58
59 35
