# Article : Ordre_du_Temple
# FROM 2011-11-22-17-45-23 TO 2016-01-03-11-34-51
76 83
0 1
2 3
2 4
2 5
2 6
2 7
2 8
2 9
7 6
7 9
7 33
7 34
7 35
7 36
7 37
7 38
7 12
7 39
9 7
10 11
10 12
10 13
14 15
14 16
15 24
15 10
15 2
15 25
15 26
15 27
17 7
17 18
18 59
19 20
19 21
19 22
23 15
27 28
29 15
30 31
30 4
32 7
38 2
40 41
40 42
40 43
44 45
46 45
47 2
47 0
47 48
47 49
47 7
47 50
47 18
47 19
47 51
47 52
47 53
51 52
54 6
54 55
54 56
57 55
58 2
60 61
60 62
63 64
63 65
66 67
66 7
68 53
68 69
68 70
69 26
69 71
69 0
69 19
69 72
73 9
73 74
73 75
73 10
