# Article : Jesus_de_Nazareth
# FROM 2012-02-21-22-35-35 TO 2013-07-28-21-38-07
243 502
0 1
1 0
1 2
1 4
1 60
2 0
2 3
2 4
2 5
2 6
2 7
2 8
2 9
2 10
2 11
2 12
2 13
2 14
2 1
2 15
5 4
5 87
5 2
5 6
8 23
8 24
8 25
8 26
8 27
8 28
8 29
8 30
8 31
8 32
8 33
8 34
8 35
8 36
8 37
8 38
8 39
8 40
8 41
8 42
10 0
15 60
15 3
15 235
15 101
16 17
16 18
16 19
18 63
18 126
20 21
20 22
25 2
25 3
25 60
25 101
25 63
25 102
25 0
25 103
25 5
25 104
25 105
25 106
25 61
25 16
25 107
25 108
25 109
25 110
25 4
25 87
25 6
25 88
25 111
25 112
25 113
25 114
25 115
25 116
25 117
25 20
25 118
25 119
25 82
25 120
25 121
25 122
25 1
25 123
26 108
26 110
26 4
26 87
26 2
26 6
26 102
26 3
26 60
26 5
26 88
26 16
26 104
26 111
26 101
26 112
26 113
26 114
26 115
26 116
26 117
27 3
27 60
27 87
30 0
32 63
36 63
36 102
36 80
36 103
36 0
36 148
36 3
36 130
36 131
36 2
36 149
36 5
36 126
36 104
36 106
36 61
36 16
36 107
36 60
36 108
36 67
36 109
36 110
36 4
36 87
36 6
36 88
36 111
36 101
36 112
36 113
36 114
36 115
36 116
36 117
36 27
36 20
36 150
36 151
36 118
36 152
36 153
36 154
36 155
36 156
36 157
36 158
36 159
36 160
36 161
36 162
36 119
36 163
36 164
36 165
36 82
36 120
36 121
36 122
36 1
36 123
36 166
36 147
36 167
36 168
36 169
36 170
36 171
36 172
36 173
36 174
36 175
36 62
36 176
36 177
36 178
36 179
36 180
36 181
36 182
36 183
36 184
36 185
36 81
36 186
36 187
36 188
36 189
36 190
36 191
36 192
36 193
36 194
36 195
36 196
36 197
36 198
36 199
36 200
36 201
36 202
36 203
36 204
36 205
36 9
36 206
36 207
36 208
36 209
36 210
36 211
36 212
36 213
36 214
36 215
36 216
36 217
36 218
36 128
36 219
36 220
36 221
36 222
36 223
36 224
39 63
39 150
40 63
40 102
40 80
40 103
40 0
40 148
40 3
40 130
40 131
40 2
40 149
40 5
40 126
40 104
40 105
40 106
40 235
40 61
40 16
40 107
40 60
40 108
40 67
40 109
40 110
40 4
40 87
40 6
40 88
40 111
40 101
40 112
40 113
40 114
40 115
40 116
40 117
40 27
40 20
40 150
40 151
40 118
40 152
40 153
40 154
40 155
40 156
40 157
40 158
40 159
40 160
40 161
40 162
40 119
40 163
40 164
40 165
40 82
40 120
40 121
40 236
40 122
40 1
40 123
40 166
40 13
40 167
40 168
40 169
40 170
40 171
40 172
40 173
40 174
40 175
40 62
40 176
40 177
40 178
40 179
40 180
40 181
40 182
40 183
40 184
40 185
40 81
40 186
40 187
40 188
40 189
40 190
40 191
40 230
40 192
40 193
40 194
40 195
40 196
40 197
40 198
40 199
40 200
40 201
40 202
40 203
40 204
40 205
40 9
40 206
40 207
40 208
40 209
40 210
40 211
40 212
40 213
40 214
40 215
40 216
40 217
40 93
40 218
40 128
40 219
40 220
40 221
40 222
40 223
40 224
42 3
42 60
43 44
44 2
45 46
46 63
46 3
46 130
47 48
47 49
47 50
47 51
47 52
48 2
52 131
53 54
53 44
53 55
53 56
53 57
53 58
59 60
59 61
59 62
59 63
64 65
64 66
65 63
67 68
67 69
67 70
67 71
67 46
67 72
67 73
67 74
67 75
74 3
74 88
74 79
75 3
76 25
76 77
76 78
76 15
76 79
76 74
76 80
78 130
78 131
80 0
81 79
82 83
82 68
82 29
82 8
82 10
82 84
82 85
82 86
88 89
88 90
88 91
88 92
88 10
88 93
88 94
88 74
88 75
88 95
88 96
88 79
88 97
96 3
98 99
98 65
100 48
124 3
125 124
127 128
129 130
129 131
129 2
132 91
133 134
133 32
133 135
136 9
136 137
136 138
136 93
136 139
136 140
136 141
142 143
142 144
142 51
142 145
142 59
142 146
144 2
144 147
225 143
225 226
227 131
228 227
228 14
229 3
230 60
231 3
232 231
233 2
234 93
237 39
237 40
238 2
238 60
238 61
239 130
240 239
240 59
241 74
241 80
242 88
242 79
