# Article : Soliman_le_Magnifique
# FROM 2016-02-18-17-05-55 TO 2021-01-31-01-23-26
89 113
0 1
2 3
2 1
2 4
2 5
2 6
2 7
2 8
2 9
2 10
2 11
2 12
2 13
2 14
2 15
2 16
2 17
2 18
2 19
2 20
2 21
2 22
4 5
5 41
11 46
18 66
18 46
23 24
23 9
23 7
23 25
23 26
23 27
23 28
23 29
30 31
30 32
30 33
34 31
34 35
34 36
34 37
34 38
34 39
34 40
39 41
39 46
40 46
42 4
43 8
43 44
43 45
43 17
43 46
43 47
45 68
45 69
45 41
45 70
45 46
45 66
48 11
49 50
49 8
49 51
51 52
53 54
53 8
53 41
53 38
53 55
53 56
53 57
53 58
59 60
59 61
62 17
63 16
63 17
63 64
63 40
63 65
67 18
67 16
71 39
71 40
71 20
72 46
73 43
73 45
73 41
73 74
73 68
73 69
73 70
73 75
73 76
73 77
73 78
73 79
73 80
73 81
73 23
73 66
73 82
73 46
73 42
73 83
73 84
85 86
85 87
85 20
88 77
