# Article : Homeopathie
# FROM 2011-10-11-07-05-08 TO 2017-07-10-18-40-32
91 130
0 1
0 2
0 3
0 4
0 5
0 6
0 7
0 8
0 9
0 10
4 5
6 15
6 30
9 18
9 19
9 14
11 12
11 13
11 14
11 15
14 80
14 8
14 5
15 7
15 8
15 80
15 5
15 77
16 17
17 58
17 16
20 21
20 22
20 23
21 36
24 7
25 26
25 27
28 29
28 30
28 31
32 33
32 34
32 35
32 2
36 28
36 37
36 35
36 21
36 38
39 35
40 41
40 17
40 42
40 43
40 44
40 45
45 64
46 47
46 48
46 49
46 50
46 51
46 52
46 53
50 80
50 8
50 5
50 77
52 7
52 8
52 64
54 21
54 55
54 36
54 56
54 57
54 10
59 60
60 61
62 63
65 30
65 66
67 68
67 66
69 8
69 64
69 45
69 70
69 63
69 40
69 71
69 55
69 28
69 30
69 46
69 9
69 72
69 62
73 69
73 74
75 8
76 77
76 8
78 64
79 80
79 77
81 80
82 52
82 49
83 7
83 8
83 80
83 5
83 77
84 7
84 80
84 8
84 5
85 64
85 8
86 5
87 86
87 56
87 88
87 89
87 5
87 6
89 6
90 6
