# Article : Homeopathie
# FROM 2003-08-18-20-00-24 TO 2005-12-20-22-37-54
61 119
0 1
2 1
3 4
3 5
3 6
3 7
3 8
3 9
3 10
3 11
4 12
7 17
7 9
13 14
15 14
15 16
17 9
17 18
17 19
18 20
18 8
18 21
18 22
21 18
21 47
21 22
21 32
21 26
21 23
21 10
21 29
21 42
21 48
22 21
22 18
22 32
22 28
22 23
22 26
22 29
22 17
22 31
22 33
22 42
22 49
22 50
22 51
23 9
23 24
23 25
23 26
23 21
23 27
23 10
23 28
23 22
23 29
23 30
23 31
23 32
23 2
23 18
23 33
24 28
24 2
24 37
24 41
24 21
24 42
26 21
26 18
26 52
26 28
26 53
26 2
26 4
26 23
26 32
28 34
28 35
28 36
28 37
28 18
28 24
28 38
28 39
28 40
29 22
31 22
31 29
31 21
31 23
32 21
32 18
32 22
32 23
33 23
33 22
33 32
42 22
42 21
42 59
43 24
43 38
43 39
43 40
43 28
44 28
45 23
46 25
49 42
51 59
51 22
54 22
55 22
56 55
56 57
58 23
60 22
