# Article : Donnees_archeologiques_sur_l'Exode_et_Moise
# FROM 2007-12-26-15-17-24 TO 2021-01-05-20-37-34
56 87
0 1
0 2
0 3
0 4
0 5
1 6
1 0
1 7
6 1
6 0
6 2
6 14
6 15
6 16
6 17
6 18
7 42
7 1
8 2
8 9
8 10
8 11
8 12
8 13
9 23
10 8
11 25
11 26
11 19
11 21
11 1
11 27
11 28
11 29
15 30
17 19
17 1
17 18
17 45
17 46
17 47
17 48
17 49
17 43
17 40
17 50
17 11
18 45
18 1
18 46
18 17
19 1
19 20
19 21
19 22
19 8
19 17
24 14
28 44
31 32
31 13
31 11
31 12
31 33
31 27
31 34
31 35
31 36
31 37
31 29
31 38
35 34
37 1
39 11
39 13
39 12
40 41
40 1
40 16
43 1
51 17
52 53
52 54
52 0
52 17
52 1
52 55
