# Article : Pedagogie_Steiner-Waldorf
# FROM 2007-12-16-18-43-44 TO 2016-02-22-23-20-31
65 115
0 1
0 2
0 3
0 4
0 5
1 0
1 4
1 18
1 19
1 20
1 15
1 14
1 21
1 22
1 23
1 24
1 25
1 26
1 27
1 28
4 0
4 9
4 13
4 14
4 15
6 7
6 8
6 9
6 10
6 11
6 12
6 13
6 14
6 15
6 16
6 17
8 9
8 7
9 1
9 0
9 7
9 29
9 10
9 8
9 30
18 1
18 33
25 44
25 1
26 1
26 55
26 9
26 56
26 0
26 57
26 58
26 25
26 28
26 59
27 26
28 59
28 55
28 26
28 1
28 9
28 54
29 9
29 1
29 7
29 32
29 10
31 10
31 7
31 29
31 8
34 0
34 35
34 1
34 9
34 36
34 32
34 33
34 37
34 38
34 39
34 40
34 41
34 42
34 43
45 15
46 15
47 14
47 15
47 48
49 15
49 14
50 16
50 51
52 1
53 23
54 26
60 26
60 59
60 1
60 9
61 1
61 26
61 9
62 55
62 9
62 56
62 0
63 26
63 1
64 63
