# Article : Scientologie
# FROM 2006-05-11-05-53-52 TO 2007-03-07-09-07-32
114 216
0 1
0 2
0 3
3 4
4 5
4 6
4 7
4 8
4 9
4 10
4 11
4 12
4 13
4 14
4 15
4 16
4 17
4 18
4 19
4 20
4 21
4 22
4 23
4 24
4 25
4 26
4 27
4 28
4 29
4 30
4 31
4 32
4 33
4 34
4 35
4 36
4 37
4 38
4 39
4 40
4 41
4 42
4 43
4 44
4 45
4 46
4 47
4 48
4 49
4 50
6 15
9 8
9 4
9 63
9 41
11 15
11 4
11 65
11 13
12 11
12 4
12 60
12 47
12 13
12 41
12 22
12 61
12 62
12 53
13 12
13 4
13 63
14 13
15 11
15 10
15 13
15 4
15 16
15 12
17 15
17 11
17 4
17 16
17 68
41 12
41 51
41 52
41 53
42 15
42 4
42 12
42 54
42 2
44 59
46 15
46 4
48 63
48 73
50 93
52 12
52 99
55 5
55 56
55 57
57 105
58 12
58 15
60 4
60 15
60 11
60 12
61 4
61 12
61 15
64 8
66 23
66 25
66 26
66 27
66 21
66 4
67 66
69 13
69 11
69 5
69 4
70 69
70 5
70 8
70 71
72 4
73 8
73 74
73 4
74 75
74 21
74 76
74 7
74 22
74 15
77 74
78 79
78 5
78 13
79 8
79 71
79 6
79 40
79 80
79 5
79 81
82 5
82 8
82 6
82 21
82 22
82 40
82 9
82 80
82 71
82 81
82 83
82 84
85 82
86 75
86 74
86 4
87 13
88 74
89 4
89 15
89 12
90 89
91 4
92 74
92 8
92 13
93 12
93 8
93 74
94 12
95 12
95 4
96 4
96 12
96 53
97 96
98 12
98 53
99 53
99 98
100 53
100 99
100 101
100 98
101 52
101 12
101 53
102 101
102 99
103 12
104 12
105 4
105 12
105 104
105 106
105 42
105 107
105 108
109 110
111 112
111 3
111 11
113 11
113 110
113 4
