# Article : Cice9ron
# FROM 2012-08-29-09-22-32 TO 2015-03-16-15-32-24
83 91
0 1
0 2
0 3
0 4
0 5
0 6
0 7
0 8
1 0
2 0
9 10
9 11
12 13
14 15
14 16
14 17
14 18
14 19
14 20
14 21
14 22
14 23
14 24
18 50
18 51
18 0
18 52
20 50
20 51
20 0
20 60
21 64
21 52
23 0
25 26
25 27
27 62
27 0
27 63
28 29
28 30
31 32
31 33
31 34
35 26
36 26
37 32
38 0
38 39
38 27
38 40
39 0
39 62
41 42
41 2
43 0
43 42
44 4
45 46
45 47
48 0
48 49
53 18
53 54
55 0
55 56
57 55
57 21
57 58
59 54
61 20
65 66
67 65
68 69
68 70
68 71
72 50
72 51
72 73
72 74
72 0
72 75
72 52
76 72
77 71
77 24
77 78
79 78
80 69
81 78
82 13
