# Article : Ordre_du_Temple
# FROM 2016-01-03-11-46-57 TO 2021-01-18-13-36-08
92 99
0 1
2 3
2 4
2 5
2 6
2 7
2 8
2 9
2 10
2 11
2 12
3 30
3 36
3 2
3 37
6 84
11 30
13 14
13 15
16 17
16 18
16 19
16 20
17 33
21 22
21 23
21 24
25 3
26 27
26 28
29 3
29 30
31 32
33 32
34 0
35 3
38 39
40 39
40 41
40 42
40 43
40 44
40 45
40 46
40 47
40 48
40 49
40 6
40 10
40 50
45 29
45 0
45 57
45 36
45 26
45 30
45 32
45 13
45 58
45 59
45 60
45 61
45 62
45 21
45 63
45 40
45 64
45 65
45 66
45 67
45 68
45 69
45 70
45 71
45 72
45 73
45 74
45 75
45 76
45 77
45 78
45 79
45 80
45 81
45 82
45 83
51 52
51 53
51 6
51 54
51 10
55 44
55 56
85 6
86 87
88 86
89 8
90 20
91 10
