# Article : Jerusalem
# FROM 2003-05-13-13-47-34 TO 2006-06-07-15-33-03
63 83
0 1
0 2
3 4
5 3
6 1
6 5
7 6
8 7
9 8
10 11
10 5
11 10
11 4
12 11
12 13
14 11
15 10
15 16
15 17
15 18
15 19
15 20
17 15
18 15
18 17
19 20
19 17
19 15
19 18
20 22
20 23
20 24
20 25
20 26
20 27
20 28
21 15
22 17
22 20
22 32
22 33
22 15
24 20
26 30
26 41
26 20
27 45
27 46
27 47
27 48
29 19
30 20
31 22
32 34
32 35
32 26
32 36
32 37
32 38
33 22
33 20
34 26
35 34
35 26
39 22
39 40
40 43
42 20
44 36
49 50
51 50
52 15
53 52
54 52
54 55
56 57
56 58
58 30
58 20
58 62
59 36
60 20
61 30
