# Article : Salafisme
# FROM 2006-08-06-22-42-11 TO 2009-06-28-23-57-08
98 132
0 1
1 31
2 3
2 4
5 6
5 7
8 2
9 10
9 6
9 8
9 11
9 12
9 13
9 14
15 16
15 17
15 18
15 12
15 19
15 20
21 22
21 11
23 21
24 23
24 25
24 26
24 1
24 20
24 27
24 12
24 28
24 21
24 22
24 29
24 30
27 24
27 38
27 39
27 1
32 24
33 34
33 35
36 11
37 29
40 24
41 40
42 24
43 42
44 20
44 27
44 43
44 45
44 46
46 47
47 46
47 48
49 46
50 51
51 52
51 53
52 54
52 51
52 11
52 50
52 46
52 69
54 51
55 11
55 51
56 55
57 58
59 60
59 61
59 57
59 58
62 63
64 62
64 65
64 66
66 79
66 11
66 77
66 76
66 83
66 67
66 70
66 68
66 93
66 94
66 75
66 74
67 53
67 68
70 52
70 57
70 58
70 1
70 24
70 53
70 67
71 60
71 72
71 73
74 75
76 77
76 78
76 79
76 80
77 81
77 76
78 81
80 79
81 77
82 77
82 83
82 84
82 81
84 79
85 81
86 87
88 87
88 11
89 77
90 77
90 81
90 91
90 76
90 89
92 90
95 77
96 81
97 79
