# Article : Magie_(surnaturel)
# FROM 2009-08-12-19-32-22 TO 2017-09-19-18-12-12
145 162
0 1
0 2
0 3
0 4
0 5
0 6
0 7
8 9
8 10
8 11
8 12
8 13
8 14
8 15
8 16
8 17
8 18
8 19
8 20
9 32
9 33
10 32
10 34
10 35
10 36
10 37
10 38
10 39
10 40
10 41
10 42
10 43
10 44
10 45
10 46
10 47
10 48
17 76
17 8
17 0
17 77
17 78
17 32
17 79
17 80
17 35
17 36
17 81
17 37
17 38
17 39
17 40
17 82
17 83
17 59
17 43
17 42
17 44
17 45
17 46
17 84
17 6
17 31
17 85
17 33
17 86
17 87
17 88
17 89
17 64
17 90
17 4
17 91
17 92
17 93
17 94
17 95
17 96
17 97
17 21
17 23
17 22
17 98
17 99
17 100
17 11
17 101
17 102
17 103
17 104
17 105
17 106
17 107
17 108
17 109
17 110
17 111
17 112
17 113
17 114
17 115
17 116
17 117
17 118
17 119
17 5
17 120
17 121
17 122
17 123
17 124
17 125
17 126
21 22
21 23
21 24
21 25
21 26
21 27
21 28
21 29
21 30
31 22
49 50
51 50
51 52
51 53
51 54
51 55
51 56
51 57
51 58
51 28
59 60
61 62
61 63
64 0
65 66
65 67
65 68
69 67
70 54
71 54
72 73
72 74
72 75
127 17
127 128
129 130
131 130
132 133
132 134
135 32
136 37
137 136
138 30
139 140
139 141
141 32
142 57
142 143
144 68
