# Article : Falun_Gong
# FROM 2007-10-11-04-49-33 TO 2013-09-19-15-27-57
56 79
0 1
1 10
1 11
2 1
2 3
4 5
4 6
4 1
4 7
8 9
8 0
10 4
10 1
10 0
10 16
10 17
10 18
12 0
13 14
13 15
17 37
17 38
17 39
17 40
17 0
17 41
17 18
17 42
17 43
17 23
17 5
17 44
18 17
19 20
19 0
19 4
21 22
21 23
21 24
21 25
21 15
21 4
21 14
21 5
21 2
21 26
21 27
21 28
21 29
21 30
21 31
21 32
21 10
33 34
35 0
35 36
38 40
38 17
39 46
45 0
45 17
45 34
47 17
48 49
48 17
49 4
49 17
49 15
49 0
49 24
49 50
49 26
49 11
51 49
52 38
53 38
54 38
54 17
55 10
